36
RINGMASTER_LEFT_JAB -2028.7940081018116 -254.85263151438224 1 
Hmm v1.0

NbStates 5

State
Pi 0.276982
A 0.909359 0.009451 0.009814 0.040868 0.030508 
MultiGaussianOPDF [ [ 4445.82508 4268.3066 -9975.03661 ] [ [ 16759573.58155 -4534208.28564 937493.80618 ] [ -4534208.28564 44495824.09537 3979734.65804 ] [ 937493.80618 3979734.65804 24473598.18773 ] ] ]

State
Pi 0.332745
A 0.003806 0.929142 0.030907 0.036145 0 
MultiGaussianOPDF [ [ 1854.58233 2476.19029 1175.82344 ] [ [ 7760579.81142 1398618.29042 -1829378.62598 ] [ 1398618.29042 3965560.34821 -2190827.10792 ] [ -1829378.62598 -2190827.10792 6034351.72934 ] ] ]

State
Pi 0.009985
A 0 0.037393 0.873556 0.000427 0.088623 
MultiGaussianOPDF [ [ -2093.04186 -2777.49096 2277.32215 ] [ [ 23471038.87197 -14527456.95173 -705416.40746 ] [ -14527456.95173 26589736.84559 1422897.00433 ] [ -705416.40746 1422897.00433 10647895.01207 ] ] ]

State
Pi 0.348665
A 0.001598 0.005661 0.070968 0.87974 0.042034 
MultiGaussianOPDF [ [ 10329.45376 864.8891 -159.60014 ] [ [ 18368794.05082 -589133.58582 -4386030.9963 ] [ -589133.58582 31608362.35162 2084992.72333 ] [ -4386030.9963 2084992.72333 16100040.96998 ] ] ]

State
Pi 0.031623
A 0.00721 0.003413 0.097467 0 0.89191 
MultiGaussianOPDF [ [ -10120.98981 -646.67738 -852.82594 ] [ [ 234315279.01116 -76207104.78019 -101401734.83533 ] [ -76207104.78019 224223321.48216 26789374.57112 ] [ -101401734.83533 26789374.57112 156857840.15382 ] ] ]

TWO_HANDED_BLOCK -5182.088908058117 0.0 1 
Hmm v1.0

NbStates 9

State
Pi 0.113086
A 0.999477 0 0 0 0 0 0 0 0.000523 
MultiGaussianOPDF [ [ 7677.3186 1390.88698 -4884.9032 7524.3729 -2007.64287 -4416.52922 ] [ [ 386979.22337 703.0921 301771.87935 128779.52995 -70620.54721 316689.91758 ] [ 703.0921 1371533.94497 393425.158 -181673.39559 -805840.64408 350404.18762 ] [ 301771.87935 393425.158 1804671.67653 -5511.35343 -573362.96695 1179451.41892 ] [ 128779.52995 -181673.39559 -5511.35343 318088.09009 467590.91381 -10274.56402 ] [ -70620.54721 -805840.64408 -573362.96695 467590.91381 1875862.64979 -453302.34644 ] [ 316689.91758 350404.18762 1179451.41892 -10274.56402 -453302.34644 1810417.89267 ] ] ]

State
Pi 0.048186
A 0 0.882572 0 0 0.117428 0 0 0 0 
MultiGaussianOPDF [ [ -8889.15344 6727.48265 -8125.89302 -9962.08923 -5017.85795 -8337.52345 ] [ [ 21848330.56116 -4885855.32906 13324470.18414 16730772.15203 1501702.51232 801937.50791 ] [ -4885855.32906 9388515.87824 -7614687.956 -10969808.1371 -3994515.79992 -6013443.83146 ] [ 13324470.18414 -7614687.956 15347451.13126 14440711.15706 2060759.15957 6406607.44703 ] [ 16730772.15203 -10969808.1371 14440711.15706 38328161.36052 9957212.54038 12612106.02678 ] [ 1501702.51232 -3994515.79992 2060759.15957 9957212.54038 7737678.02828 3726481.01804 ] [ 801937.50791 -6013443.83146 6406607.44703 12612106.02678 3726481.01804 18219064.57382 ] ] ]

State
Pi 0.086757
A 0 0 0.995825 0 0 0.000865 0 0.002148 0.001162 
MultiGaussianOPDF [ [ 2160.62444 3224.3555 386.02507 2652.7082 -2664.53736 195.33488 ] [ [ 325636.58984 -156253.74527 108620.93033 118581.27939 120923.14184 -1266.95753 ] [ -156253.74527 391120.49212 184711.42175 35928.7637 30836.34115 244458.65467 ] [ 108620.93033 184711.42175 876737.39556 244850.55956 367094.97496 660734.45604 ] [ 118581.27939 35928.7637 244850.55956 317192.50725 267541.22309 205015.22198 ] [ 120923.14184 30836.34115 367094.97496 267541.22309 509154.6007 340377.06552 ] [ -1266.95753 244458.65467 660734.45604 205015.22198 340377.06552 900565.08244 ] ] ]

State
Pi 0.184763
A 0 0 0 0.988057 0 0 0 0.0069 0.005044 
MultiGaussianOPDF [ [ 4170.64462 961.95307 627.82194 4076.41942 -262.17731 380.69555 ] [ [ 101204.04102 -88375.31328 -90758.16883 89026.91582 79094.99743 -66946.26448 ] [ -88375.31328 228452.65273 101766.34297 -28338.21208 -119012.0182 34509.99598 ] [ -90758.16883 101766.34297 445448.22833 -72473.92072 -67715.83554 260692.88478 ] [ 89026.91582 -28338.21208 -72473.92072 209495.22593 118487.07711 -131341.82037 ] [ 79094.99743 -119012.0182 -67715.83554 118487.07711 190768.69809 -79821.82488 ] [ -66946.26448 34509.99598 260692.88478 -131341.82037 -79821.82488 282087.70028 ] ] ]

State
Pi 0.09427
A 0 0.000295 0 0 0.911174 0.08853 0 0 0 
MultiGaussianOPDF [ [ -1584.05942 1242.65969 -1994.73102 -416.85419 -582.46988 944.87768 ] [ [ 10878108.8893 -3890645.03605 6464875.52286 8682441.86975 2889077.21109 2655098.95064 ] [ -3890645.03605 7280333.71185 -5713809.71346 -4042877.82339 -3049255.45915 -3406514.47557 ] [ 6464875.52286 -5713809.71346 13093691.6088 9550786.81981 4694326.98227 7951699.6014 ] [ 8682441.86975 -4042877.82339 9550786.81981 18083419.82025 4569638.65747 10298316.82991 ] [ 2889077.21109 -3049255.45915 4694326.98227 4569638.65747 5533707.35637 4394329.49101 ] [ 2655098.95064 -3406514.47557 7951699.6014 10298316.82991 4394329.49101 15509084.34129 ] ] ]

State
Pi 0.199772
A 0.067676 0 0.009031 0 0 0.868273 0 0.055021 0 
MultiGaussianOPDF [ [ 5335.47386 1390.38507 -2960.17951 5372.94466 -1635.5544 -2867.10789 ] [ [ 7821421.9677 -679395.70056 -4207211.92613 5701796.66318 -560661.76015 -4356048.13519 ] [ -679395.70056 5352198.41781 -1593214.94311 -982079.34033 -2969448.36187 -1503791.15943 ] [ -4207211.92613 -1593214.94311 9182517.25502 -2561440.76796 1349609.95322 7622698.21881 ] [ 5701796.66318 -982079.34033 -2561440.76796 6217763.05747 -537221.28947 -3508983.95912 ] [ -560661.76015 -2969448.36187 1349609.95322 -537221.28947 4614350.73056 2052545.63712 ] [ -4356048.13519 -1503791.15943 7622698.21881 -3508983.95912 2052545.63712 10900675.30393 ] ] ]

State
Pi 0
A 0 0 0 0 0 0 1 0 0 
MultiGaussianOPDF [ [ 4426.07036 -77.41166 1614.51514 7910.63532 -37.98902 5678.70289 ] [ [ 238384.42909 -113975.23399 -199730.16651 48693.32112 -19685.12644 -63665.79304 ] [ -113975.23399 403346.86438 152315.9767 13978.8813 60606.82085 4990.37059 ] [ -199730.16651 152315.9767 473959.84505 -48460.63774 20871.83334 187949.03635 ] [ 48693.32112 13978.8813 -48460.63774 197631.19399 45329.26415 -185165.61942 ] [ -19685.12644 60606.82085 20871.83334 45329.26415 248590.10716 -32050.70812 ] [ -63665.79304 4990.37059 187949.03635 -185165.61942 -32050.70812 526239.83805 ] ] ]

State
Pi 0.13535
A 0 0 0.00935 0.031252 0 0.000004 0.014693 0.902005 0.042696 
MultiGaussianOPDF [ [ 3477.66908 473.2145 411.98372 3710.95036 -338.96611 288.03026 ] [ [ 1105651.74026 -253798.51905 -548085.83737 514193.97795 -166993.28335 -368373.70441 ] [ -253798.51905 2052908.36621 323074.3159 -122284.69461 -97468.14597 -108872.15984 ] [ -548085.83737 323074.3159 1954454.55204 -296078.95869 323261.71414 1061891.92994 ] [ 514193.97795 -122284.69461 -296078.95869 1317723.65924 348561.40864 90356.5801 ] [ -166993.28335 -97468.14597 323261.71414 348561.40864 1845605.51484 312369.51711 ] [ -368373.70441 -108872.15984 1061891.92994 90356.5801 312369.51711 2024256.0062 ] ] ]

State
Pi 0.137815
A 0 0 0.000188 0.007763 0 0.000516 0 0.009974 0.981559 
MultiGaussianOPDF [ [ 4022.99331 600.27818 -183.49032 3865.89245 -619.10874 -642.41914 ] [ [ 125331.45756 -25953.33843 -37755.3876 80767.32011 34141.5465 -54643.37047 ] [ -25953.33843 909608.19633 151973.90094 -288340.71099 -663485.89439 -301037.29738 ] [ -37755.3876 151973.90094 352881.50658 -70608.55633 -75675.24768 70810.03345 ] [ 80767.32011 -288340.71099 -70608.55633 206601.39295 235321.47814 104339.94239 ] [ 34141.5465 -663485.89439 -75675.24768 235321.47814 733384.99134 118898.03921 ] [ -54643.37047 -301037.29738 70810.03345 104339.94239 118898.03921 514698.99068 ] ] ]

RINGMASTER_RIGHT_CIRCLE -4347.071130214658 -242.84335572520575 1 
Hmm v1.0

NbStates 5

State
Pi 0.278081
A 0.939177 0 0.002148 0.009663 0.049011 
MultiGaussianOPDF [ [ -3031.76542 3369.14931 -1108.93321 ] [ [ 15936171.40578 -11204478.21769 1153034.36226 ] [ -11204478.21769 42773410.6833 -18656121.25948 ] [ 1153034.36226 -18656121.25948 31954937.02646 ] ] ]

State
Pi 0.097745
A 0 0.900267 0.015079 0.066763 0.017892 
MultiGaussianOPDF [ [ -29071.23094 -5655.61139 -6440.44429 ] [ [ 18937412.44006 345028.20349 -3913786.11048 ] [ 345028.20349 218798258.49369 -38371200.35445 ] [ -3913786.11048 -38371200.35445 201908768.79781 ] ] ]

State
Pi 0.492255
A 0.028739 0.056102 0.884526 0.030632 0 
MultiGaussianOPDF [ [ -8328.53392 -14743.78015 -9509.5061 ] [ [ 50673057.21312 21089583.45298 -3486215.64308 ] [ 21089583.45298 77241865.82964 -18080390.99075 ] [ -3486215.64308 -18080390.99075 145880621.20674 ] ] ]

State
Pi 0.028669
A 0.06527 0.009501 0.000001 0.875218 0.050011 
MultiGaussianOPDF [ [ -13932.72641 11017.55238 6160.47338 ] [ [ 71955551.2959 -13492727.69912 -863556.94494 ] [ -13492727.69912 101792282.97917 -48300803.00716 ] [ -863556.94494 -48300803.00716 92018283.17719 ] ] ]

State
Pi 0.103251
A 0.006934 0.028401 0.055679 0.000882 0.908105 
MultiGaussianOPDF [ [ -9883.54923 7380.83003 -15399.2188 ] [ [ 32176945.0879 -5705833.30854 -4558185.71584 ] [ -5705833.30854 42896709.23513 -19708297.6168 ] [ -4558185.71584 -19708297.6168 61635218.60164 ] ] ]

RIGHT_CHOP -2277.09027297619 -236.101501795942 1 
Hmm v1.0

NbStates 6

State
Pi 0.095529
A 0.970621 0.016006 0.012119 0 0 0.001254 
MultiGaussianOPDF [ [ -4329.82035 -6382.22869 -2785.44934 ] [ [ 6839881.46709 2092217.40747 909812.49572 ] [ 2092217.40747 16134925.95871 3792805.81853 ] [ 909812.49572 3792805.81853 4024651.62324 ] ] ]

State
Pi 0.410506
A 0.007587 0.87351 0.118902 0 0 0 
MultiGaussianOPDF [ [ -547.20338 5351.1445 1306.92765 ] [ [ 6335241.52357 -3645098.17798 -230882.11757 ] [ -3645098.17798 8908332.56836 1685191.83685 ] [ -230882.11757 1685191.83685 1487160.22689 ] ] ]

State
Pi 0.353475
A 0.012933 0.002035 0.833252 0.095034 0.056572 0.000174 
MultiGaussianOPDF [ [ -7799.1904 8369.81445 -1506.47226 ] [ [ 23604902.47706 7779249.80703 -613211.27617 ] [ 7779249.80703 38409943.01258 5254368.43768 ] [ -613211.27617 5254368.43768 8846756.84625 ] ] ]

State
Pi 0.09916
A 0.000416 0 0 0.739206 0.260097 0.000282 
MultiGaussianOPDF [ [ -20009.52131 20789.45685 -6150.19562 ] [ [ 70866838.83844 -9011831.96055 9701374.11149 ] [ -9011831.96055 50539531.1671 -7358717.57838 ] [ 9701374.11149 -7358717.57838 49988762.14091 ] ] ]

State
Pi 0.002326
A 0.000002 0 0 0 0.745474 0.254524 
MultiGaussianOPDF [ [ -29098.14279 -1979.034 -5879.21909 ] [ [ 21011872.89148 1415319.95868 7128076.75142 ] [ 1415319.95868 112642917.50011 -3781579.17419 ] [ 7128076.75142 -3781579.17419 74029698.98718 ] ] ]

State
Pi 0.039003
A 0.098056 0 0.009007 0 0.001775 0.891162 
MultiGaussianOPDF [ [ -16153.03791 -22362.98358 -8165.51955 ] [ [ 139682356.26864 63346514.05621 44342462.13849 ] [ 63346514.05621 70592244.2569 25097588.54983 ] [ 44342462.13849 25097588.54983 82456525.6978 ] ] ]

RIGHT_VAFANAPOLI_ATTACK -651.2475170556886 -419.588972800525 1 
Hmm v1.0

NbStates 6

State
Pi 0
A 0.763305 0.223462 0.010653 0.002581 0 0 
MultiGaussianOPDF [ [ -7323.18094 3914.53863 9309.88643 ] [ [ 13305869.45236 2600394.0044 -2116928.35601 ] [ 2600394.0044 15756301.21855 10497702.75117 ] [ -2116928.35601 10497702.75117 48876554.50338 ] ] ]

State
Pi 0
A 0.000051 0.843693 0.156256 0 0 0 
MultiGaussianOPDF [ [ -11727.88981 1902.07544 -12541.52636 ] [ [ 129044574.30413 1870654.64448 21548692.08993 ] [ 1870654.64448 50605243.70823 24064735.6333 ] [ 21548692.08993 24064735.6333 125727387.35316 ] ] ]

State
Pi 0.437841
A 0.009509 0.001881 0.872632 0.049265 0.004804 0.06191 
MultiGaussianOPDF [ [ 660.07843 -1288.7594 -2675.67738 ] [ [ 5326517.29488 -424499.02249 -17685.01194 ] [ -424499.02249 4648105.88467 3061845.831 ] [ -17685.01194 3061845.831 10223330.45316 ] ] ]

State
Pi 0.074663
A 0.007959 0 0.030533 0.82204 0.119684 0.019783 
MultiGaussianOPDF [ [ 456.5762 -1021.75458 6040.60365 ] [ [ 6354429.28269 -236137.29788 -1453670.85831 ] [ -236137.29788 3764363.18926 34408.03561 ] [ -1453670.85831 34408.03561 5203848.97338 ] ] ]

State
Pi 0.07102
A 0.158038 0.001651 0.009783 0.026024 0.804504 0 
MultiGaussianOPDF [ [ 1410.74271 -1799.30429 12152.0642 ] [ [ 17180206.69754 -2456788.27917 -6393649.30548 ] [ -2456788.27917 25237726.31718 7236490.71056 ] [ -6393649.30548 7236490.71056 28790683.26882 ] ] ]

State
Pi 0.416476
A 0 0 0.000396 0.133201 0.000006 0.866398 
MultiGaussianOPDF [ [ 2064.12069 -1391.26715 2799.82487 ] [ [ 1430767.55305 -124967.44183 -798101.27098 ] [ -124967.44183 1047560.62532 40348.61602 ] [ -798101.27098 40348.61602 1347350.65963 ] ] ]

RIGHT_UPPERCUT -1613.6097995990729 -302.2960019110462 1 
Hmm v1.0

NbStates 6

State
Pi 0.07526
A 0.924525 0.056506 0.014835 0.004135 0 0 
MultiGaussianOPDF [ [ -12245.20518 -1195.07847 -2830.24746 ] [ [ 47498935.3775 -12890087.71038 616340.24878 ] [ -12890087.71038 58382904.71972 29880579.43342 ] [ 616340.24878 29880579.43342 53052050.99325 ] ] ]

State
Pi 0.344298
A 0.01308 0.904279 0 0.082641 0 0 
MultiGaussianOPDF [ [ 115.58943 -1074.16437 -1060.67027 ] [ [ 6918572.06268 -427072.0829 -61386.47612 ] [ -427072.0829 2362892.13041 2537800.75033 ] [ -61386.47612 2537800.75033 10051117.97183 ] ] ]

State
Pi 0.019051
A 0.118949 0 0.881051 0 0 0 
MultiGaussianOPDF [ [ -29101.68894 -18257.69166 -19652.4386 ] [ [ 18950703.44873 6252008.26522 3385364.1594 ] [ 6252008.26522 87248111.56767 -9458381.51704 ] [ 3385364.1594 -9458381.51704 100776565.20269 ] ] ]

State
Pi 0.465588
A 0.004048 0.000865 0 0.865521 0.08722 0.042346 
MultiGaussianOPDF [ [ -32.61251 -2805.20663 -13173.85562 ] [ [ 18370309.61229 443387.90464 6105015.6373 ] [ 443387.90464 13800565.83859 1285329.17238 ] [ 6105015.6373 1285329.17238 19963732.39434 ] ] ]

State
Pi 0.091851
A 0.002485 0 0.055547 0.002451 0.831092 0.108426 
MultiGaussianOPDF [ [ -4029.76827 -12448.92072 -27006.16615 ] [ [ 64677015.24388 16614947.42614 13243476.28073 ] [ 16614947.42614 68411231.3325 1963982.78918 ] [ 13243476.28073 1963982.78918 33030785.91473 ] ] ]

State
Pi 0.003953
A 0.148715 0.000528 0.002041 0.000001 0 0.848716 
MultiGaussianOPDF [ [ -17013.15162 -724.65153 -24460.92375 ] [ [ 66788459.54158 -6954053.84043 5308658.27971 ] [ -6954053.84043 22325707.20511 -11209175.10626 ] [ 5308658.27971 -11209175.10626 41912672.07391 ] ] ]

RIGHT_HOOK -1477.7718099280114 -306.69849968381976 1 
Hmm v1.0

NbStates 6

State
Pi 0.004009
A 0.910445 0 0 0.089555 0 0 
MultiGaussianOPDF [ [ -19546.84915 3231.26003 -10325.19464 ] [ [ 45763674.25602 9267975.03097 34135766.03573 ] [ 9267975.03097 42783093.86135 32713995.54521 ] [ 34135766.03573 32713995.54521 120709987.83982 ] ] ]

State
Pi 0.208469
A 0 0.873787 0.002722 0 0.025237 0.098254 
MultiGaussianOPDF [ [ 1400.83034 -17543.5003 -5373.93994 ] [ [ 51380185.65324 8933293.43399 -1203510.53412 ] [ 8933293.43399 41828404.32493 4832881.12991 ] [ -1203510.53412 4832881.12991 31992155.44211 ] ] ]

State
Pi 0.648132
A 0 0.045216 0.880096 0.002507 0.072182 0 
MultiGaussianOPDF [ [ 3795.64577 -4903.98046 -4729.02692 ] [ [ 10244367.91948 -137538.09368 -1064598.47942 ] [ -137538.09368 5193279.08145 -1438854.88673 ] [ -1064598.47942 -1438854.88673 15076473.75647 ] ] ]

State
Pi 0.000018
A 0 0.002322 0.012579 0.985098 0 0 
MultiGaussianOPDF [ [ -6060.40058 206.65381 2631.83673 ] [ [ 12687476.20351 1489719.28343 2516386.15671 ] [ 1489719.28343 7054553.01429 1484652.89924 ] [ 2516386.15671 1484652.89924 5680850.02834 ] ] ]

State
Pi 0.129728
A 0.039029 0 0 0.050202 0.862787 0.047982 
MultiGaussianOPDF [ [ -3623.51234 -4184.6994 -12236.76312 ] [ [ 47036764.34837 8443810.39358 -33086830.05145 ] [ 8443810.39358 22290980.63957 -10144089.12233 ] [ -33086830.05145 -10144089.12233 45627664.00112 ] ] ]

State
Pi 0.009645
A 0.100357 0 0 0 0 0.899643 
MultiGaussianOPDF [ [ -17568.15037 -18318.19279 -17696.84954 ] [ [ 116928722.15282 22431630.48437 -39873676.95593 ] [ 22431630.48437 70771295.33674 101958.60899 ] [ -39873676.95593 101958.60899 111175545.81269 ] ] ]

RINGMASTER_HADOUKEN -6157.827922176496 -554.470228802088 1 
Hmm v1.0

NbStates 7

State
Pi 0.046004
A 0.907283 0.007428 0.040939 0.000162 0.009057 0.03025 0.004881 
MultiGaussianOPDF [ [ -7245.54261 1484.03427 -5035.37012 -7600.24334 -2678.83909 -5097.01339 ] [ [ 178616986.90039 -28867492.12044 -46327329.64298 35729549.89139 21382205.67141 5536264.638 ] [ -28867492.12044 235670502.91404 667854.60765 16396067.54211 -13926185.01749 -15112366.64049 ] [ -46327329.64298 667854.60765 162758380.0935 -6534372.19123 -3217402.21116 -13857764.17897 ] [ 35729549.89139 16396067.54211 -6534372.19123 213993202.23439 39344188.61416 -10762789.28923 ] [ 21382205.67141 -13926185.01749 -3217402.21116 39344188.61416 188832960.74646 26705139.79487 ] [ 5536264.638 -15112366.64049 -13857764.17897 -10762789.28923 26705139.79487 162051900.39644 ] ] ]

State
Pi 0.11358
A 0.00027 0.936085 0.002874 0.00935 0.001167 0.039482 0.010771 
MultiGaussianOPDF [ [ 393.92735 334.2111 3554.02078 699.79802 -652.00513 -5246.7189 ] [ [ 5117916.58527 923407.26709 -248117.77463 1501455.40761 -1666756.34803 -1582124.31766 ] [ 923407.26709 8336022.98774 -574799.88021 -494018.53338 -1896464.90444 505138.13664 ] [ -248117.77463 -574799.88021 4299855.33173 4119679.13579 -8357.20128 150473.46592 ] [ 1501455.40761 -494018.53338 4119679.13579 13041908.26097 -1680805.35718 3061831.23777 ] [ -1666756.34803 -1896464.90444 -8357.20128 -1680805.35718 4380694.79147 775406.03766 ] [ -1582124.31766 505138.13664 150473.46592 3061831.23777 775406.03766 14560210.75086 ] ] ]

State
Pi 0.09979
A 0.028418 0.00067 0.925345 0.023363 0.006599 0.009077 0.006529 
MultiGaussianOPDF [ [ -3299.8557 1558.38643 -8736.10289 -2089.9582 -3026.99153 2806.04683 ] [ [ 36888591.98483 2311839.06933 -5418504.13807 8105498.30342 4332555.22281 10362831.64192 ] [ 2311839.06933 19883973.15069 -1048173.60959 3232137.316 -7817057.08606 -348390.14241 ] [ -5418504.13807 -1048173.60959 35397987.21974 5226515.29276 6213302.03226 -6646102.08546 ] [ 8105498.30342 3232137.316 5226515.29276 25831826.14668 2703709.01077 -612157.95142 ] [ 4332555.22281 -7817057.08606 6213302.03226 2703709.01077 34966526.75438 -660884.3351 ] [ 10362831.64192 -348390.14241 -6646102.08546 -612157.95142 -660884.3351 17980858.0696 ] ] ]

State
Pi 0.287563
A 0 0.014317 0.025188 0.937061 0.011857 0.002526 0.009052 
MultiGaussianOPDF [ [ 20.76586 1307.0502 -2159.96543 860.53069 -2008.53984 409.50446 ] [ [ 7072723.59045 -1797061.45235 487308.04318 4674364.67704 585759.01472 -311138.32587 ] [ -1797061.45235 6522206.35584 1583874.93019 -393990.46246 -607871.96602 -1440511.76969 ] [ 487308.04318 1583874.93019 5048624.11548 2176378.44075 302065.24872 -2919585.91061 ] [ 4674364.67704 -393990.46246 2176378.44075 9909123.99773 1831491.83662 -1743073.30289 ] [ 585759.01472 -607871.96602 302065.24872 1831491.83662 5903488.37163 622728.71523 ] [ -311138.32587 -1440511.76969 -2919585.91061 -1743073.30289 622728.71523 6416283.31566 ] ] ]

State
Pi 0.309222
A 0.007477 0.005607 0.020193 0.009694 0.907786 0.011376 0.037867 
MultiGaussianOPDF [ [ -3042.12117 6426.19783 -4535.68373 -43.82059 -6102.91691 -7123.51509 ] [ [ 11092185.49472 -515928.27386 -1083102.75771 6826057.62314 1307326.67118 2396404.25925 ] [ -515928.27386 15872965.19561 3505168.70029 5728912.12768 -5714540.21825 -3327779.0751 ] [ -1083102.75771 3505168.70029 18823483.24358 2855540.11598 -2095285.07168 -613490.34435 ] [ 6826057.62314 5728912.12768 2855540.11598 27901684.92144 -951320.57834 -2250487.82757 ] [ 1307326.67118 -5714540.21825 -2095285.07168 -951320.57834 13428267.37573 1308151.46002 ] [ 2396404.25925 -3327779.0751 -613490.34435 -2250487.82757 1308151.46002 13635686.09733 ] ] ]

State
Pi 0.066581
A 0.03317 0.027551 0.001852 0.007567 0.010579 0.917182 0.0021 
MultiGaussianOPDF [ [ -6761.1215 -682.24559 4167.45142 -3656.89326 -74.1226 -10967.56913 ] [ [ 23657369.30698 -2497939.23064 -608725.97198 8564851.14295 -79544.73733 13528138.42253 ] [ -2497939.23064 33602541.45212 2006429.70825 -16847292.59746 -11840864.10866 7166186.93444 ] [ -608725.97198 2006429.70825 14670521.29662 -413485.48247 1738227.34765 -3783189.41334 ] [ 8564851.14295 -16847292.59746 -413485.48247 55533652.02296 166882.40556 -8020568.91862 ] [ -79544.73733 -11840864.10866 1738227.34765 166882.40556 34782087.82439 103921.35738 ] [ 13528138.42253 7166186.93444 -3783189.41334 -8020568.91862 103921.35738 45439358.63106 ] ] ]

State
Pi 0.07726
A 0.094362 0.000004 0.001857 0.001241 0.000007 0.003597 0.898932 
MultiGaussianOPDF [ [ 5433.72169 5725.8502 -2473.2251 8034.967 -3873.90195 -6993.7965 ] [ [ 29554399.88603 -14370502.94228 8093553.83862 3071667.19288 4963924.27359 -2569456.84116 ] [ -14370502.94228 49138048.39349 -7297341.13525 8418618.37644 -18603055.78704 -10094808.56065 ] [ 8093553.83862 -7297341.13525 68821101.38198 -11105538.09013 -2719042.8439 -37975621.91088 ] [ 3071667.19288 8418618.37644 -11105538.09013 40927724.15354 1598769.81591 7132651.37198 ] [ 4963924.27359 -18603055.78704 -2719042.8439 1598769.81591 56311238.43757 22151936.44238 ] [ -2569456.84116 -10094808.56065 -37975621.91088 7132651.37198 22151936.44238 58204346.98913 ] ] ]

SONIC_BOOM -3950.7508483803 -860.2307949274119 1 
Hmm v1.0

NbStates 9

State
Pi 0.002827
A 0.924508 0 0 0.001763 0.011546 0.062183 0 0 0 
MultiGaussianOPDF [ [ -20814.59059 9271.53809 -5391.65999 -28928.59531 -9419.85946 -5621.33657 ] [ [ 67409539.5685 220763.59537 7088576.32425 13647179.2779 1388962.9198 478808.4607 ] [ 220763.59537 16999402.2839 -705921.71544 -2186537.46846 -8115170.94638 -843054.55798 ] [ 7088576.32425 -705921.71544 21066221.8504 565516.58054 4587124.82399 6295595.66088 ] [ 13647179.2779 -2186537.46846 565516.58054 12983324.80162 2812258.49257 -1811615.4485 ] [ 1388962.9198 -8115170.94638 4587124.82399 2812258.49257 23375649.29074 1341175.9922 ] [ 478808.4607 -843054.55798 6295595.66088 -1811615.4485 1341175.9922 16780444.47866 ] ] ]

State
Pi 0.32852
A 0 0.844268 0.001265 0 0.110984 0 0 0.037786 0.005697 
MultiGaussianOPDF [ [ -4286.92389 8630.33727 -1489.00435 -4611.61706 -9264.70503 -1866.05588 ] [ [ 11052329.70454 2687605.49375 660814.95245 8130400.90129 -2715293.15291 532646.72486 ] [ 2687605.49375 14267279.72784 318966.13557 2335166.98902 -9706780.60534 -1169597.68496 ] [ 660814.95245 318966.13557 13273524.67394 361045.4562 1474995.04911 3917125.19277 ] [ 8130400.90129 2335166.98902 361045.4562 14228694.73709 -2405708.21471 1221392.31064 ] [ -2715293.15291 -9706780.60534 1474995.04911 -2405708.21471 15195508.81134 1663666.82759 ] [ 532646.72486 -1169597.68496 3917125.19277 1221392.31064 1663666.82759 7556621.04794 ] ] ]

State
Pi 0.109366
A 0 0.009527 0.963035 0 0.013865 0 0 0.007477 0.006095 
MultiGaussianOPDF [ [ 53.32624 2678.26046 -3477.09274 1117.47251 -2837.85195 -4576.07664 ] [ [ 9386821.85048 -44574.49065 3818704.3909 7652743.26263 -3450587.16356 3834083.93564 ] [ -44574.49065 3010027.16919 633391.1115 -624256.84913 -1778552.3975 -831305.42435 ] [ 3818704.3909 633391.1115 10140455.20213 4534284.20166 -2998957.99706 7959189.12634 ] [ 7652743.26263 -624256.84913 4534284.20166 12965014.43165 -3224829.95129 2946836.02848 ] [ -3450587.16356 -1778552.3975 -2998957.99706 -3224829.95129 6576677.37288 -472637.76256 ] [ 3834083.93564 -831305.42435 7959189.12634 2946836.02848 -472637.76256 13037557.07606 ] ] ]

State
Pi 0.003833
A 0.023728 0 0 0.901013 0.00264 0.072619 0 0 0 
MultiGaussianOPDF [ [ -18417.56443 22415.56742 -5179.09599 -25557.2383 -23279.26239 -3978.47718 ] [ [ 126534626.43146 -20204901.88245 -14108927.82089 30473607.71415 1386384.4043 -6840896.75651 ] [ -20204901.88245 35783073.81149 -3686425.40241 8718057.53836 -12031078.88751 -5304340.07982 ] [ -14108927.82089 -3686425.40241 50847030.19532 1666858.84485 -3158555.80476 28078841.2602 ] [ 30473607.71415 8718057.53836 1666858.84485 64835218.49303 -16520979.6955 -7264605.42168 ] [ 1386384.4043 -12031078.88751 -3158555.80476 -16520979.6955 57230228.43583 22364105.17316 ] [ -6840896.75651 -5304340.07982 28078841.2602 -7264605.42168 22364105.17316 58387479.67062 ] ] ]

State
Pi 0.034502
A 0.067059 0.00301 0 0 0.867689 0.016148 0.04193 0.004163 0 
MultiGaussianOPDF [ [ -13091.88578 7403.62947 -2301.65721 -16606.08373 -7370.56063 -2592.58782 ] [ [ 27337632.48445 -724157.05961 -172163.19991 10313305.7812 -1996639.76627 -3098449.13781 ] [ -724157.05961 18632186.00061 -3624152.42467 -2100432.93781 -12582923.1442 -2175272.41068 ] [ -172163.19991 -3624152.42467 19595068.98393 411848.00531 -4078559.79736 8119034.56457 ] [ 10313305.7812 -2100432.93781 411848.00531 15532888.69653 1201392.39222 -1739858.69687 ] [ -1996639.76627 -12582923.1442 -4078559.79736 1201392.39222 23731965.58087 -12807.18554 ] [ -3098449.13781 -2175272.41068 8119034.56457 -1739858.69687 -12807.18554 12496683.06983 ] ] ]

State
Pi 0.000623
A 0 0 0 0 0.001407 0.916259 0.082333 0 0 
MultiGaussianOPDF [ [ -24705.07725 -4560.54327 -2072.68699 -24977.02093 592.72808 1132.62742 ] [ [ 48107982.63702 -30800980.36039 -14007637.90386 16884501.15204 34250779.52704 5967582.88682 ] [ -30800980.36039 143113689.20748 8951871.37828 1829195.19278 -56061668.67589 -24160857.19558 ] [ -14007637.90386 8951871.37828 68437554.65234 -8718350.73619 -26460346.96107 38876049.065 ] [ 16884501.15204 1829195.19278 -8718350.73619 46047244.87005 44606347.34009 -6288180.93997 ] [ 34250779.52704 -56061668.67589 -26460346.96107 44606347.34009 179555506.36499 -789442.60203 ] [ 5967582.88682 -24160857.19558 38876049.065 -6288180.93997 -789442.60203 71146662.97361 ] ] ]

State
Pi 0.023201
A 0 0 0 0 0.008311 0 0.935973 0 0.055716 
MultiGaussianOPDF [ [ -9143.41831 -4943.5506 3070.80076 -8094.18853 5018.98422 3644.36055 ] [ [ 36387692.88443 -9218870.25128 2439057.37916 23569513.78475 -4602646.99812 359567.74612 ] [ -9218870.25128 34819285.565 2272672.88075 -7217714.00647 -9366392.32777 -100111.5618 ] [ 2439057.37916 2272672.88075 13115252.21502 -186626.84617 -1975038.04251 3437094.92915 ] [ 23569513.78475 -7217714.00647 -186626.84617 32384803.0435 6569.76486 218602.11039 ] [ -4602646.99812 -9366392.32777 -1975038.04251 6569.76486 22776803.74599 -1803353.38522 ] [ 359567.74612 -100111.5618 3437094.92915 218602.11039 -1803353.38522 7965222.32765 ] ] ]

State
Pi 0.156842
A 0.029652 0.002388 0 0.091197 0.032123 0 0 0.84464 0 
MultiGaussianOPDF [ [ -6050.64023 14907.35541 -5035.99833 -4350.58883 -16786.48765 -7610.67961 ] [ [ 93837511.73811 17785166.63907 14551012.17526 40546065.38794 -22017941.10408 -5380488.29281 ] [ 17785166.63907 46092859.08268 -835238.83047 3584013.16662 -27829519.61437 9343568.33313 ] [ 14551012.17526 -835238.83047 50266927.20865 12280822.1052 -10312937.2314 26536085.1795 ] [ 40546065.38794 3584013.16662 12280822.1052 42677073.02756 473690.94898 -2464839.35467 ] [ -22017941.10408 -27829519.61437 -10312937.2314 473690.94898 47666573.43829 -12102541.35979 ] [ -5380488.29281 9343568.33313 26536085.1795 -2464839.35467 -12102541.35979 62525094.50691 ] ] ]

State
Pi 0.340286
A 0 0.091853 0.004918 0 0 0 0.00352 0 0.899709 
MultiGaussianOPDF [ [ -2602.56848 2542.41222 2733.35714 -2560.01761 -3450.98872 1830.99866 ] [ [ 4211500.65232 -2011391.86681 1800999.26057 3860510.58311 2076617.56081 2313875.93972 ] [ -2011391.86681 11758702.12308 -1338215.4131 -2594086.31237 -9632933.76805 -4924527.38286 ] [ 1800999.26057 -1338215.4131 4474967.40412 2463165.37972 203059.55066 2438108.20274 ] [ 3860510.58311 -2594086.31237 2463165.37972 5172255.97357 2169973.16683 2485102.5919 ] [ 2076617.56081 -9632933.76805 203059.55066 2169973.16683 12751227.50946 4551099.96526 ] [ 2313875.93972 -4924527.38286 2438108.20274 2485102.5919 4551099.96526 4888721.28775 ] ] ]

RINGMASTER_RIGHT_JAB -2091.024332484499 -241.32145815415328 1 
Hmm v1.0

NbStates 5

State
Pi 0.007187
A 0.89707 0.000359 0.101211 0.001113 0.000247 
MultiGaussianOPDF [ [ -12880.64377 147.41336 1486.65374 ] [ [ 163181497.82135 54191593.93667 -78294562.92169 ] [ 54191593.93667 160409354.46258 -49492895.3265 ] [ -78294562.92169 -49492895.3265 157994071.37352 ] ] ]

State
Pi 0.236066
A 0.136754 0.856162 0.00129 0.001054 0.004741 
MultiGaussianOPDF [ [ 12235.69914 3733.82627 -3328.85771 ] [ [ 36412152.75153 5505494.75243 -6575741.9352 ] [ 5505494.75243 71824798.26457 -2180502.7788 ] [ -6575741.9352 -2180502.7788 17682559.28651 ] ] ]

State
Pi 0.074362
A 0.026765 0.000742 0.958676 0.000699 0.013118 
MultiGaussianOPDF [ [ -1218.55557 -423.62872 2570.02753 ] [ [ 5581246.3562 1551437.69594 444220.62056 ] [ 1551437.69594 10953325.18196 2535205.8388 ] [ 444220.62056 2535205.8388 5428735.36527 ] ] ]

State
Pi 0.205482
A 0.0276 0.023861 0.000001 0.941007 0.007532 
MultiGaussianOPDF [ [ 2056.42506 -3417.15398 -12455.24622 ] [ [ 43600018.8361 891732.22356 -5980924.31106 ] [ 891732.22356 30620380.0484 -11971636.92673 ] [ -5980924.31106 -11971636.92673 22159281.92044 ] ] ]

State
Pi 0.476903
A 0 0.066115 0.042983 0.002098 0.888804 
MultiGaussianOPDF [ [ 5966.83649 -2032.39293 -714.12903 ] [ [ 7106747.35019 108796.56768 537264.087 ] [ 108796.56768 8000295.25661 3198449.11624 ] [ 537264.087 3198449.11624 8033695.65415 ] ] ]

YMCA -8150.362505489786 -3197.105434742551 1 
Hmm v1.0

NbStates 9

State
Pi 0.010788
A 0.866224 0.000005 0.016885 0.012584 0.045376 0.007413 0.007178 0.043323 0.001014 
MultiGaussianOPDF [ [ -3368.51003 1204.01149 -7160.57253 658.19046 259.47796 2449.67786 ] [ [ 20090628.59003 -2243595.97828 1000384.64853 -3608404.00324 -395821.66348 6497823.23882 ] [ -2243595.97828 4428905.07593 -105723.93165 2034221.13873 434920.27946 -1559646.12372 ] [ 1000384.64853 -105723.93165 17361400.80233 7292882.6872 879117.35587 -4717368.13042 ] [ -3608404.00324 2034221.13873 7292882.6872 15531343.23416 878559.13912 -11662498.38704 ] [ -395821.66348 434920.27946 879117.35587 878559.13912 3544138.35278 1189234.22609 ] [ 6497823.23882 -1559646.12372 -4717368.13042 -11662498.38704 1189234.22609 18096197.75286 ] ] ]

State
Pi 0.48749
A 0.000421 0.884268 0.017113 0 0 0.028742 0.035007 0.000526 0.033923 
MultiGaussianOPDF [ [ -1651.14794 544.17665 870.94429 -2151.81711 -181.55548 655.37818 ] [ [ 8769618.39622 403852.2915 1492228.76279 7464877.54422 134437.27281 1874112.7151 ] [ 403852.2915 12536503.17211 3076518.92493 1082097.17736 -10211555.09376 2717038.72873 ] [ 1492228.76279 3076518.92493 6274998.46438 992256.70288 -3669000.30176 4886236.90737 ] [ 7464877.54422 1082097.17736 992256.70288 8395611.37468 -158922.37023 1357890.45075 ] [ 134437.27281 -10211555.09376 -3669000.30176 -158922.37023 11404890.63149 -2769562.96651 ] [ 1874112.7151 2717038.72873 4886236.90737 1357890.45075 -2769562.96651 6023929.77468 ] ] ]

State
Pi 0.105142
A 0.020391 0.002716 0.887792 0.010727 0.006217 0.021008 0.014546 0.026517 0.010086 
MultiGaussianOPDF [ [ -2602.37345 -476.23428 3663.65024 -302.93297 1603.56425 -3517.62869 ] [ [ 23627829.22979 -2180127.03537 -10349106.02411 -4965010.69352 -2420159.5135 -4319091.87043 ] [ -2180127.03537 15121842.42471 -3103761.56042 3746015.21509 656918.15445 -5687267.85884 ] [ -10349106.02411 -3103761.56042 31843562.85228 6322462.47911 763909.07142 10207460.01622 ] [ -4965010.69352 3746015.21509 6322462.47911 44247586.62085 1752843.31453 -12817744.53926 ] [ -2420159.5135 656918.15445 763909.07142 1752843.31453 17586781.49953 4156030.02489 ] [ -4319091.87043 -5687267.85884 10207460.01622 -12817744.53926 4156030.02489 103947053.08595 ] ] ]

State
Pi 0
A 0.027223 0 0 0.9084 0.038017 0.000882 0.001602 0 0.023877 
MultiGaussianOPDF [ [ -5765.54071 5409.02167 -23556.36358 -3077.63905 -560.916 2684.92847 ] [ [ 131002828.13893 -25823908.47179 -35744915.59301 5736690.43067 6477729.58312 15608820.3598 ] [ -25823908.47179 44558759.96282 4580147.53981 -7029028.0841 9874195.91526 1976440.49805 ] [ -35744915.59301 4580147.53981 90303141.57103 28344020.01912 -6264392.98537 -40946932.18635 ] [ 5736690.43067 -7029028.0841 28344020.01912 46175572.18256 -8844216.30599 -34995103.0134 ] [ 6477729.58312 9874195.91526 -6264392.98537 -8844216.30599 24746371.53532 12751105.40434 ] [ 15608820.3598 1976440.49805 -40946932.18635 -34995103.0134 12751105.40434 74740328.05063 ] ] ]

State
Pi 0.003323
A 0.070758 0 0 0.005262 0.896729 0 0.026876 0.000003 0.000372 
MultiGaussianOPDF [ [ 3756.87047 2979.09927 -13836.29683 1244.57561 -30.71492 3054.94321 ] [ [ 29898922.95821 -3448613.35108 -6304718.41368 -6501312.00718 467586.81886 7332660.45008 ] [ -3448613.35108 19897298.90487 8311109.72954 1170874.89045 3162248.93091 -4764165.35724 ] [ -6304718.41368 8311109.72954 27466211.10218 8650189.68892 3862375.61733 -6990068.83778 ] [ -6501312.00718 1170874.89045 8650189.68892 12571444.98463 1861627.66254 -7769097.23768 ] [ 467586.81886 3162248.93091 3862375.61733 1861627.66254 3976432.80677 -613796.36084 ] [ 7332660.45008 -4764165.35724 -6990068.83778 -7769097.23768 -613796.36084 19313044.36296 ] ] ]

State
Pi 0.012819
A 0.007288 0.003201 0.029676 0 0 0.902391 0 0.057445 0 
MultiGaussianOPDF [ [ -2438.45947 -1699.18966 4969.92896 -128.47336 852.15528 6469.40177 ] [ [ 4019964.94919 164229.80693 -562320.19279 745341.91207 56045.9898 -363804.09309 ] [ 164229.80693 5768996.51857 -1707593.15464 945154.77104 -3119448.24335 -146371.50227 ] [ -562320.19279 -1707593.15464 8491952.4842 -765559.80679 -51726.36732 -598742.15825 ] [ 745341.91207 945154.77104 -765559.80679 10454383.43429 -1301363.71319 -398551.39775 ] [ 56045.9898 -3119448.24335 -51726.36732 -1301363.71319 5403118.5102 1192110.92668 ] [ -363804.09309 -146371.50227 -598742.15825 -398551.39775 1192110.92668 6959186.21629 ] ] ]

State
Pi 0.162536
A 0.012479 0.020274 0.007247 0 0.002543 0.000003 0.914368 0.034685 0.0084 
MultiGaussianOPDF [ [ 2919.96981 1753.00002 -4294.34764 2771.02401 -900.65273 -4030.1098 ] [ [ 5117185.14073 491108.65347 2106839.23544 4130610.26171 -1177979.78678 1614229.21953 ] [ 491108.65347 7321003.08758 -1803501.88924 -558866.43973 -3133065.58169 17428.38144 ] [ 2106839.23544 -1803501.88924 15921889.50883 5168645.45129 534747.37352 10075367.11323 ] [ 4130610.26171 -558866.43973 5168645.45129 7155980.06943 -1251634.12762 1561187.4466 ] [ -1177979.78678 -3133065.58169 534747.37352 -1251634.12762 5178642.33213 701868.10085 ] [ 1614229.21953 17428.38144 10075367.11323 1561187.4466 701868.10085 17195481.16576 ] ] ]

State
Pi 0.01292
A 0.048273 0.003355 0.024004 0 0 0.036859 0.004668 0.88284 0 
MultiGaussianOPDF [ [ -1448.97326 -154.23089 1606.19439 1808.86414 528.14133 1473.59553 ] [ [ 7744883.52875 -492572.67015 1745251.9348 -242547.17337 96074.47416 1841307.00117 ] [ -492572.67015 2206796.6905 -1105928.03005 -216789.69787 -237233.45829 -132351.01337 ] [ 1745251.9348 -1105928.03005 9038498.31225 3587254.18503 317860.41697 99507.72777 ] [ -242547.17337 -216789.69787 3587254.18503 8319425.56324 598676.89436 -1207317.23274 ] [ 96074.47416 -237233.45829 317860.41697 598676.89436 1981006.02848 492236.42699 ] [ 1841307.00117 -132351.01337 99507.72777 -1207317.23274 492236.42699 5051586.30126 ] ] ]

State
Pi 0.204981
A 0.002199 0.027796 0.03744 0.009978 0.003009 0 0.029639 0 0.889939 
MultiGaussianOPDF [ [ -2113.65718 2677.22523 -7801.0753 -1867.56745 -2921.09021 -8040.3067 ] [ [ 60037646.06747 6029877.05707 -40839180.66827 45315851.20654 -8556999.97872 -39392450.34799 ] [ 6029877.05707 51809833.99859 -22072910.45218 1138385.65582 -41734556.09954 -21450731.12808 ] [ -40839180.66827 -22072910.45218 72424344.58664 -30815646.66901 20851087.67643 59954034.26191 ] [ 45315851.20654 1138385.65582 -30815646.66901 50497809.14675 -6461993.72045 -34010808.80389 ] [ -8556999.97872 -41734556.09954 20851087.67643 -6461993.72045 54182220.51931 26587229.77918 ] [ -39392450.34799 -21450731.12808 59954034.26191 -34010808.80389 26587229.77918 75005910.29579 ] ] ]

DOUBLE_LARIAT -7304.286126216138 -2365.8193720956265 1 
Hmm v1.0

NbStates 9

State
Pi 0.008295
A 0.980534 0.008532 0 0.002431 0 0 0.004066 0.004438 0 
MultiGaussianOPDF [ [ -9138.50296 811.93228 612.68993 -8673.94483 -1621.74343 1061.87387 ] [ [ 3545817.30337 -480033.97437 203113.87587 1266317.89844 -107574.19811 9848.76393 ] [ -480033.97437 1975243.01933 -26841.64169 -817018.21358 781847.54095 86020.89713 ] [ 203113.87587 -26841.64169 1772193.04127 90341.64204 34300.64036 237926.83579 ] [ 1266317.89844 -817018.21358 90341.64204 4927917.52214 -1338068.65297 682540.37477 ] [ -107574.19811 781847.54095 34300.64036 -1338068.65297 2238784.39883 351034.27048 ] [ 9848.76393 86020.89713 237926.83579 682540.37477 351034.27048 1653320.87482 ] ] ]

State
Pi 0.137701
A 0.022079 0.918775 0.010079 0.012295 0 0.010154 0 0.011239 0.015379 
MultiGaussianOPDF [ [ -5732.8349 5302.74781 1494.11701 -5367.22969 2180.61976 4753.03399 ] [ [ 13451742.36125 2331048.56256 -51742.64101 4552812.53838 -280491.42778 -2085333.1446 ] [ 2331048.56256 8906767.33196 -438882.46585 1092157.34757 1879176.00702 1777035.37632 ] [ -51742.64101 -438882.46585 3415989.78649 -126715.68999 571140.65029 991122.22642 ] [ 4552812.53838 1092157.34757 -126715.68999 12193671.25617 2974909.3135 569320.56155 ] [ -280491.42778 1879176.00702 571140.65029 2974909.3135 8670343.03162 1608949.68881 ] [ -2085333.1446 1777035.37632 991122.22642 569320.56155 1608949.68881 5235486.36263 ] ] ]

State
Pi 0.362087
A 0 0.050308 0.934582 0 0 0.008292 0.006819 0 0 
MultiGaussianOPDF [ [ -1394.22522 3042.5697 3212.51016 -644.89861 1149.59108 4427.29726 ] [ [ 1684361.55475 -861145.97119 61321.66725 572797.15843 -797674.73027 -320599.91043 ] [ -861145.97119 3797234.41073 -807534.36231 -919811.80423 2156007.49242 668533.53106 ] [ 61321.66725 -807534.36231 894298.21988 404440.40364 -557266.27189 -144982.26592 ] [ 572797.15843 -919811.80423 404440.40364 1877560.21852 -1501217.37423 -348512.34294 ] [ -797674.73027 2156007.49242 -557266.27189 -1501217.37423 3774016.30469 796105.68829 ] [ -320599.91043 668533.53106 -144982.26592 -348512.34294 796105.68829 725839.85301 ] ] ]

State
Pi 0.066202
A 0.003371 0.013569 0 0.930312 0.017702 0.005651 0.009063 0.014373 0.005958 
MultiGaussianOPDF [ [ -11214.0025 -1069.30838 4479.57242 -11728.2658 -3344.89819 3742.55621 ] [ [ 27468927.26395 -8997179.53679 1812047.73071 17308849.89731 -14060624.45131 -7128372.17647 ] [ -8997179.53679 13783434.94196 1120503.36508 -5818313.55589 6974972.84948 3999565.2207 ] [ 1812047.73071 1120503.36508 6390828.182 1107107.98441 -1863849.96056 427733.94854 ] [ 17308849.89731 -5818313.55589 1107107.98441 27647951.69205 -11256005.1857 -7363886.81572 ] [ -14060624.45131 6974972.84948 -1863849.96056 -11256005.1857 19631350.27209 5232071.33496 ] [ -7128372.17647 3999565.2207 427733.94854 -7363886.81572 5232071.33496 10357046.44306 ] ] ]

State
Pi 0.052126
A 0 0 0 0.039677 0.940181 0 0 0.0051 0.015042 
MultiGaussianOPDF [ [ -21542.5322 -3783.89304 4071.88406 -18787.11753 205.45733 5533.27283 ] [ [ 61001975.1357 3108482.4426 13558929.87007 46473778.6029 3577561.24604 -1870298.34708 ] [ 3108482.4426 37367973.92047 453425.72899 9724013.88324 22267640.63203 -3598124.02368 ] [ 13558929.87007 453425.72899 32180169.74004 7732238.92141 6418737.67098 5428830.25863 ] [ 46473778.6029 9724013.88324 7732238.92141 86389887.53016 2222683.0026 -3656009.07082 ] [ 3577561.24604 22267640.63203 6418737.67098 2222683.0026 44554018.48179 294736.41771 ] [ -1870298.34708 -3598124.02368 5428830.25863 -3656009.07082 294736.41771 27781499.21515 ] ] ]

State
Pi 0
A 0.000383 0.001649 0.004479 0.000999 0 0.985743 0.006746 0 0 
MultiGaussianOPDF [ [ -6328.50769 937.57527 4563.43925 -5319.3165 -2031.43559 4794.32539 ] [ [ 4618091.75473 11464.49105 201729.61955 1401454.59242 666995.69001 -957080.39556 ] [ 11464.49105 2056682.24728 -221219.56562 48035.76427 259147.42804 194903.91945 ] [ 201729.61955 -221219.56562 1710308.6119 -4087.08147 -186172.45442 -114469.40146 ] [ 1401454.59242 48035.76427 -4087.08147 2670135.6343 647262.0236 -574802.21524 ] [ 666995.69001 259147.42804 -186172.45442 647262.0236 2009960.5151 -61212.4697 ] [ -957080.39556 194903.91945 -114469.40146 -574802.21524 -61212.4697 1331983.57306 ] ] ]

State
Pi 0.373589
A 0.014785 0 0.004843 0.034526 0 0.012382 0.933464 0 0 
