32
TWO_HANDED_BLOCK -5889.780271407021 0.0 1 
Hmm v1.0

NbStates 7

State
Pi 0.139128
A 0.87172 0 0.007946 0.013009 0.107326 0 0 
MultiGaussianOPDF [ [ 14857.89283 556.2921 -721.85407 -16120.92541 -1095.83299 -38.68343 ] [ [ 9981682.85108 -2935852.20611 1287167.79344 -8171391.1542 -4118200.22566 -2012959.19099 ] [ -2935852.20611 30921300.19247 -11264166.41598 2912392.71801 22793498.3745 -10334837.25826 ] [ 1287167.79344 -11264166.41598 34297956.64614 86832.26635 -10576574.6669 26767033.62773 ] [ -8171391.1542 2912392.71801 86832.26635 8585373.51557 3504719.38706 3115706.86395 ] [ -4118200.22566 22793498.3745 -10576574.6669 3504719.38706 30986726.12508 -11757812.36798 ] [ -2012959.19099 -10334837.25826 26767033.62773 3115706.86395 -11757812.36798 45348403.25206 ] ] ]

State
Pi 0.23887
A 0.112155 0.847912 0.030675 0.009257 0 0 0 
MultiGaussianOPDF [ [ 7664.421 8722.03107 -7676.76803 -10591.01133 8418.8669 -7817.00427 ] [ [ 40488969.49123 470963.62606 -4283400.20457 -22620773.97969 4788559.63018 -609370.21428 ] [ 470963.62606 14542601.98098 87488.97342 1132219.58816 7597295.08423 2191323.36831 ] [ -4283400.20457 87488.97342 17123416.21222 4296422.46647 1074093.99432 6750313.11496 ] [ -22620773.97969 1132219.58816 4296422.46647 29500302.29907 -1562353.20405 4867257.85864 ] [ 4788559.63018 7597295.08423 1074093.99432 -1562353.20405 20602624.13975 -4592001.26775 ] [ -609370.21428 2191323.36831 6750313.11496 4867257.85864 -4592001.26775 20943690.08934 ] ] ]

State
Pi 0.252331
A 0.015317 0.030634 0.837437 0.038247 0.02905 0.049313 0.000002 
MultiGaussianOPDF [ [ 962.61533 3222.31016 796.37695 -2831.0039 2630.34146 809.59529 ] [ [ 50343215.37093 8456423.26617 -5985712.38431 -44509109.31708 12079459.67708 1208427.67295 ] [ 8456423.26617 27002715.13147 7359541.33371 -49626.54265 20768811.9368 9498665.28053 ] [ -5985712.38431 7359541.33371 27629989.45837 5811670.11265 150959.70254 14917808.5882 ] [ -44509109.31708 -49626.54265 5811670.11265 61863973.44021 -5037627.453 -930028.21536 ] [ 12079459.67708 20768811.9368 150959.70254 -5037627.453 33877740.61897 4827112.02463 ] [ 1208427.67295 9498665.28053 14917808.5882 -930028.21536 4827112.02463 27090063.3285 ] ] ]

State
Pi 0.26218
A 0.000406 0.00341 0.011893 0.897073 0.00352 0.083699 0 
MultiGaussianOPDF [ [ 2876.61128 166.3026 703.96518 -4084.95222 -296.53995 906.12755 ] [ [ 4466177.86195 -231105.13394 -660107.47705 -4110408.75727 -465838.73545 -725774.81879 ] [ -231105.13394 4008412.39901 -2124023.47378 153814.22418 3554132.20927 -1653983.56144 ] [ -660107.47705 -2124023.47378 3791191.82447 886533.67481 -2386599.58598 2715915.51078 ] [ -4110408.75727 153814.22418 886533.67481 5577405.5306 682722.96841 963510.32588 ] [ -465838.73545 3554132.20927 -2386599.58598 682722.96841 4925821.15959 -2223341.5939 ] [ -725774.81879 -1653983.56144 2715915.51078 963510.32588 -2223341.5939 3419543.16237 ] ] ]

State
Pi 0.031757
A 0.000315 0 0.025012 0.018186 0.845684 0.110803 0 
MultiGaussianOPDF [ [ 6218.99089 -3846.71374 5140.03456 -4187.58067 -3524.57499 4756.37281 ] [ [ 33373740.39083 -122881.83675 -5889616.75532 -23471686.23654 -8518846.19094 4766804.01729 ] [ -122881.83675 16156811.48859 -12971208.56179 1779363.09254 11765717.86967 -10906156.84587 ] [ -5889616.75532 -12971208.56179 23724096.69385 1694201.10988 -9147384.3601 13857576.29607 ] [ -23471686.23654 1779363.09254 1694201.10988 31841007.09624 13658228.683 -6225048.37977 ] [ -8518846.19094 11765717.86967 -9147384.3601 13658228.683 23942377.66009 -15214000.4672 ] [ 4766804.01729 -10906156.84587 13857576.29607 -6225048.37977 -15214000.4672 21008200.01815 ] ] ]

State
Pi 0.046152
A 0 0 0.003984 0.001276 0 0.906776 0.087964 
MultiGaussianOPDF [ [ -3153.40527 442.31349 1711.39981 2380.97929 728.56177 1745.60044 ] [ [ 2538507.40008 -518797.00016 1075077.16853 -1462022.65459 -637123.48734 323951.96169 ] [ -518797.00016 2869632.0652 -676212.18115 494826.24131 1403322.65451 -694401.98353 ] [ 1075077.16853 -676212.18115 3888102.26298 -678487.07593 -1061417.62948 1597189.34264 ] [ -1462022.65459 494826.24131 -678487.07593 2344672.54511 944122.57519 -846557.06189 ] [ -637123.48734 1403322.65451 -1061417.62948 944122.57519 2661540.92009 -1068310.86127 ] [ 323951.96169 -694401.98353 1597189.34264 -846557.06189 -1068310.86127 2896539.72829 ] ] ]

State
Pi 0.029581
A 0 0.000164 0 0 0 0.020724 0.979112 
MultiGaussianOPDF [ [ -4159.43534 929.09436 758.86927 3408.36838 1060.64874 712.05513 ] [ [ 262941.80471 193223.79204 6237.77396 -141771.63894 100921.07351 8145.09851 ] [ 193223.79204 796661.05662 39162.55195 -101209.6107 349280.54384 31588.52543 ] [ 6237.77396 39162.55195 1374305.45846 -69042.10585 -83948.95978 915517.26459 ] [ -141771.63894 -101209.6107 -69042.10585 212970.63724 -117787.55764 -75508.60304 ] [ 100921.07351 349280.54384 -83948.95978 -117787.55764 710585.26071 -30264.62464 ] [ 8145.09851 31588.52543 915517.26459 -75508.60304 -30264.62464 1330825.13237 ] ] ]

RINGMASTER_ERUPTION -8054.475054907745 -670.7044185931767 1 
Hmm v1.0

NbStates 7

State
Pi 0.058997
A 0.988155 0 0 0 0.003964 0 0.007881 
MultiGaussianOPDF [ [ -12300.34061 3681.20523 7744.70294 11593.04156 2939.3664 3380.17024 ] [ [ 30655908.00628 21317887.34558 -6384643.99581 -25839880.12901 24210000.21865 5628412.37115 ] [ 21317887.34558 54380241.15539 4377671.07641 -18201123.98488 50796127.94256 17454535.46877 ] [ -6384643.99581 4377671.07641 23375240.07899 5309717.6219 4266062.7287 11343498.49982 ] [ -25839880.12901 -18201123.98488 5309717.6219 23663656.09855 -21745856.97438 -3487283.52472 ] [ 24210000.21865 50796127.94256 4266062.7287 -21745856.97438 63104041.0002 20959730.51605 ] [ 5628412.37115 17454535.46877 11343498.49982 -3487283.52472 20959730.51605 33062818.11757 ] ] ]

State
Pi 0.019504
A 0 0.946515 0.002846 0 0.044537 0.001818 0.004284 
MultiGaussianOPDF [ [ 6196.53657 -2578.09057 5006.18903 -6925.2236 -2017.98362 5603.24713 ] [ [ 32501150.30527 6330991.14628 -4048126.86527 -26743524.98971 7901062.89967 -4427076.93559 ] [ 6330991.14628 16766067.71752 -3251452.92468 -3509358.55637 12414814.75949 -3300142.34222 ] [ -4048126.86527 -3251452.92468 13846919.98321 1150911.36249 -792948.96337 9620786.87021 ] [ -26743524.98971 -3509358.55637 1150911.36249 33931823.99456 -7545991.02427 4509634.81568 ] [ 7901062.89967 12414814.75949 -792948.96337 -7545991.02427 15386994.60056 -1906193.93514 ] [ -4427076.93559 -3300142.34222 9620786.87021 4509634.81568 -1906193.93514 15394325.60442 ] ] ]

State
Pi 0.536853
A 0 0.006375 0.89149 0.033156 0.026506 0.015225 0.027248 
MultiGaussianOPDF [ [ 5254.46784 2617.94084 -2358.92373 -6151.67158 2099.17177 -2714.04628 ] [ [ 8098178.64001 2561349.79108 61180.64168 -7482787.01004 930326.98076 676239.0237 ] [ 2561349.79108 14442070.5993 1034083.33858 -4271535.85385 11098334.34846 -3242549.5402 ] [ 61180.64168 1034083.33858 7260824.01631 -798993.38806 2209876.25343 3740003.78143 ] [ -7482787.01004 -4271535.85385 -798993.38806 10590395.20286 -2590095.72874 -223071.19257 ] [ 930326.98076 11098334.34846 2209876.25343 -2590095.72874 11820749.80651 -2424597.63386 ] [ 676239.0237 -3242549.5402 3740003.78143 -223071.19257 -2424597.63386 6504132.3678 ] ] ]

State
Pi 0.259943
A 0 0 0.003742 0.892951 0 0.085967 0.017339 
MultiGaussianOPDF [ [ 5777.07627 6979.70506 -8755.52414 -8614.21719 6220.78336 -11436.69078 ] [ [ 33680074.31393 10183714.75199 -2829447.19803 -12889279.80859 10103567.25744 -2558587.21341 ] [ 10183714.75199 28875182.17793 -4691100.72522 -3570554.63544 15469954.61831 -2418830.67138 ] [ -2829447.19803 -4691100.72522 17008739.27959 5453791.14652 -2300731.4951 4416572.31964 ] [ -12889279.80859 -3570554.63544 5453791.14652 29052200.28564 -3190838.1718 2274039.81256 ] [ 10103567.25744 15469954.61831 -2300731.4951 -3190838.1718 22175936.81403 -2326165.23989 ] [ -2558587.21341 -2418830.67138 4416572.31964 2274039.81256 -2326165.23989 4358019.79037 ] ] ]

State
Pi 0.040832
A 0.000648 0.004705 0.007629 0 0.987018 0 0 
MultiGaussianOPDF [ [ -730.67203 -1403.85322 1084.49883 274.17185 -1178.05876 1343.86815 ] [ [ 7904809.70565 268757.87184 -411210.76647 -6814782.14218 39045.45215 535147.26286 ] [ 268757.87184 3702791.74096 -3078141.89076 -663831.79728 2571246.24198 -3376818.12769 ] [ -411210.76647 -3078141.89076 7209288.30253 1080924.7856 -2020289.74024 6720862.71989 ] [ -6814782.14218 -663831.79728 1080924.7856 6847738.08307 -404436.40437 411391.70035 ] [ 39045.45215 2571246.24198 -2020289.74024 -404436.40437 2687205.23832 -2611549.24929 ] [ 535147.26286 -3376818.12769 6720862.71989 411391.70035 -2611549.24929 8311382.29449 ] ] ]

State
Pi 0.058297
A 0 0.017052 0.041117 0.005857 0 0.892875 0.043099 
MultiGaussianOPDF [ [ 11165.76622 2704.51835 -8765.74872 -13424.92116 428.59403 -7610.83155 ] [ [ 17264100.79724 3957582.38582 -4136367.29034 -10364631.2491 789497.13884 -9307797.10049 ] [ 3957582.38582 20232150.34158 -5434546.30603 -4250800.61032 9916232.98079 -4811183.02757 ] [ -4136367.29034 -5434546.30603 13750929.02282 3273363.81574 -228580.62686 6738238.83085 ] [ -10364631.2491 -4250800.61032 3273363.81574 12728147.49791 -291456.2627 6659832.34943 ] [ 789497.13884 9916232.98079 -228580.62686 -291456.2627 17752769.3781 -2353397.89784 ] [ -9307797.10049 -4811183.02757 6738238.83085 6659832.34943 -2353397.89784 18669956.24666 ] ] ]

State
Pi 0.025573
A 0 0.063005 0.005553 0.000964 0 0.006801 0.923677 
MultiGaussianOPDF [ [ 13633.17364 5054.79309 -813.10454 -14261.89431 5957.67408 946.16384 ] [ [ 4258012.3357 -1951332.74596 3203456.98381 -3550064.9941 -3176177.92678 4883025.69665 ] [ -1951332.74596 27544612.49356 4052635.74964 1245044.38486 17918495.95344 143336.88782 ] [ 3203456.98381 4052635.74964 34348387.21169 -3110617.76364 -1498374.88557 18256042.3156 ] [ -3550064.9941 1245044.38486 -3110617.76364 3993031.63209 2900450.29203 -3936794.26594 ] [ -3176177.92678 17918495.95344 -1498374.88557 2900450.29203 25636747.53974 -99598.19857 ] [ 4883025.69665 143336.88782 18256042.3156 -3936794.26594 -99598.19857 36180822.02632 ] ] ]

LEFT_SHORYUKEN -5200.087732406125 -542.8697365089819 1 
Hmm v1.0

NbStates 5

State
Pi 0.650302
A 0.890709 0.01152 0.076689 0.012796 0.008285 
MultiGaussianOPDF [ [ -1053.60749 8886.83803 -8572.68898 ] [ [ 44083605.34254 -4275.58804 -12129097.86208 ] [ -4275.58804 16788629.89421 -3195750.05758 ] [ -12129097.86208 -3195750.05758 25558999.17695 ] ] ]

State
Pi 0.175696
A 0.019836 0.927692 0 0.043915 0.008557 
MultiGaussianOPDF [ [ 1405.80612 3946.806 3934.14096 ] [ [ 25256043.11569 3310690.96715 -9844702.50078 ] [ 3310690.96715 38605728.82324 -3842252.76394 ] [ -9844702.50078 -3842252.76394 27251040.76087 ] ] ]

State
Pi 0.039165
A 0.002279 0 0.908835 0.004177 0.084709 
MultiGaussianOPDF [ [ 16354.82482 11633.3292 -14493.62522 ] [ [ 10229793.63393 1728206.20642 -562689.25769 ] [ 1728206.20642 13233917.49709 -1823148.67581 ] [ -562689.25769 -1823148.67581 2556049.65721 ] ] ]

State
Pi 0.123249
A 0.02625 0.00389 0.022067 0.943428 0.004366 
MultiGaussianOPDF [ [ 5879.29797 -5116.64046 -7120.63529 ] [ [ 51064658.49828 -4540364.78026 -9548324.89747 ] [ -4540364.78026 28300577.25377 -1773548.79756 ] [ -9548324.89747 -1773548.79756 26252798.21149 ] ] ]

State
Pi 0.011588
A 0.002477 0.087829 0.006339 0.01198 0.891375 
MultiGaussianOPDF [ [ 14993.78524 11387.85203 621.3272 ] [ [ 15268239.15614 4295066.2512 -1898066.73964 ] [ 4295066.2512 23360285.73225 -10710787.70943 ] [ -1898066.73964 -10710787.70943 59965409.03497 ] ] ]

LEFT_ONE_HUNDRED_HAND_SLAP -6167.910645326336 -849.9441032125185 1 
Hmm v1.0

NbStates 5

State
Pi 0.073281
A 0.61977 0.038622 0.091562 0.094544 0.155501 
MultiGaussianOPDF [ [ 9359.39969 -5633.67612 5840.79681 ] [ [ 26658770.80913 -1755039.97169 -3631075.28981 ] [ -1755039.97169 28529411.517 -6036996.65611 ] [ -3631075.28981 -6036996.65611 21623466.20889 ] ] ]

State
Pi 0.408994
A 0.060097 0.861615 0.031907 0.015417 0.030964 
MultiGaussianOPDF [ [ -726.82069 -1913.21697 -2435.1326 ] [ [ 80320351.66911 30196499.37101 -29017679.89718 ] [ 30196499.37101 66613437.4639 -2804912.50458 ] [ -29017679.89718 -2804912.50458 64453933.1186 ] ] ]

State
Pi 0.213327
A 0.085249 0.028093 0.842782 0.043877 0 
MultiGaussianOPDF [ [ -5577.40214 780.43287 12400.51357 ] [ [ 41836104.32062 997545.17833 -1211606.35812 ] [ 997545.17833 46684245.47543 1183877.71478 ] [ -1211606.35812 1183877.71478 1491231.0783 ] ] ]

State
Pi 0.266966
A 0.140521 0.038777 0.016109 0.78666 0.017933 
MultiGaussianOPDF [ [ 12097.04173 4351.90262 10153.6623 ] [ [ 11977900.97428 -54759.5824 -3143415.16159 ] [ -54759.5824 29975135.64815 -5630058.25354 ] [ -3143415.16159 -5630058.25354 13559882.09081 ] ] ]

State
Pi 0.037431
A 0.123002 0.033461 0.000133 0.000913 0.842492 
MultiGaussianOPDF [ [ 14170.16375 -8019.04445 -9483.80342 ] [ [ 13461535.21994 -1385540.52597 -1685449.29872 ] [ -1385540.52597 29955010.21196 8895844.58264 ] [ -1685449.29872 8895844.58264 28281396.39878 ] ] ]

RINGMASTER_DRUM -12561.121448020793 -1184.2105690462838 1 
Hmm v1.0

NbStates 7

State
Pi 0.039088
A 0.807434 0.004673 0 0.100349 0.045006 0.042538 0 
MultiGaussianOPDF [ [ 5261.03065 1339.76617 12139.90315 -12768.37055 -10236.57918 -10940.21525 ] [ [ 52689902.00264 1408417.2964 -891235.96731 3991617.42946 -5499339.22564 -2640923.64831 ] [ 1408417.2964 48483338.1148 -404776.70705 -2079121.92343 -2681857.43406 6247209.64761 ] [ -891235.96731 -404776.70705 2808660.87615 -705575.28972 -1027485.01038 -1369412.60044 ] [ 3991617.42946 -2079121.92343 -705575.28972 21240260.98302 7849821.29052 -425194.87959 ] [ -5499339.22564 -2681857.43406 -1027485.01038 7849821.29052 31261669.39167 9562365.57441 ] [ -2640923.64831 6247209.64761 -1369412.60044 -425194.87959 9562365.57441 38903187.43651 ] ] ]

State
Pi 0.045669
A 0.077341 0.762474 0.007922 0.06175 0.038931 0.044531 0.007051 
MultiGaussianOPDF [ [ 11991.29659 5225.15972 1110.13117 -6278.33858 -11124.58583 1894.4058 ] [ [ 14466760.83145 -123848.40536 -7083316.78773 9878479.26764 3540157.24508 6211709.01929 ] [ -123848.40536 49695518.91508 -2615723.535 -9712583.15914 -2611599.62914 -3638327.25207 ] [ -7083316.78773 -2615723.535 60020258.93156 4230758.56181 -6473525.37732 -9252009.43115 ] [ 9878479.26764 -9712583.15914 4230758.56181 87950078.89927 8051452.746 22769665.7028 ] [ 3540157.24508 -2611599.62914 -6473525.37732 8051452.746 26790536.35408 9628590.00399 ] [ 6211709.01929 -3638327.25207 -9252009.43115 22769665.7028 9628590.00399 62249857.50313 ] ] ]

State
Pi 0.104177
A 0 0.038129 0.907213 0.00581 0.023782 0.024058 0.001008 
MultiGaussianOPDF [ [ -7370.80545 -5424.62685 -1074.24797 9844.55724 -4488.43395 -37.03697 ] [ [ 68449070.97952 260758.49021 -3132236.39548 -24926359.8998 -8365024.52215 29079149.18211 ] [ 260758.49021 61761923.00044 -31205179.06058 8668568.60272 -5148556.46988 9577534.21044 ] [ -3132236.39548 -31205179.06058 109465439.79038 -16446110.16177 28369522.19036 -24513338.6401 ] [ -24926359.8998 8668568.60272 -16446110.16177 37409574.08998 -5107163.6997 -9408337.29765 ] [ -8365024.52215 -5148556.46988 28369522.19036 -5107163.6997 65313844.82103 -40774873.29976 ] [ 29079149.18211 9577534.21044 -24513338.6401 -9408337.29765 -40774873.29976 108805434.5768 ] ] ]

State
Pi 0.380984
A 0.054452 0.032036 0.007332 0.751453 0.0311 0.024585 0.099042 
MultiGaussianOPDF [ [ 6808.21445 1812.3104 5864.91737 -6563.5297 3601.89633 6661.2735 ] [ [ 42218343.42404 -7858317.71892 -10032742.28655 -12554593.12862 9178050.23147 985999.52433 ] [ -7858317.71892 44577270.77341 4056833.99565 -9872716.57728 -646128.08322 -3581209.52302 ] [ -10032742.28655 4056833.99565 32483589.86969 -2899027.29331 -5582647.0291 6558881.82881 ] [ -12554593.12862 -9872716.57728 -2899027.29331 48729257.1042 7234647.62707 6672162.68696 ] [ 9178050.23147 -646128.08322 -5582647.0291 7234647.62707 41112894.3113 5427853.55716 ] [ 985999.52433 -3581209.52302 6558881.82881 6672162.68696 5427853.55716 28231242.58775 ] ] ]

State
Pi 0.326142
A 0.072605 0.028938 0.001841 0.029171 0.78382 0.039359 0.044265 
MultiGaussianOPDF [ [ 6958.94747 -3421.57252 -5332.93287 -10911.18232 -5533.93012 -4088.31548 ] [ [ 52589025.38655 -17150118.31142 3568286.68812 -13079715.20274 2117521.75254 2742246.79113 ] [ -17150118.31142 48250586.46846 3676068.59807 4239927.84555 13961414.89129 -12136052.80679 ] [ 3568286.68812 3676068.59807 55028852.86549 -5628569.70636 -7772820.60371 -15464359.92546 ] [ -13079715.20274 4239927.84555 -5628569.70636 23975213.21018 6200467.22522 3634284.86807 ] [ 2117521.75254 13961414.89129 -7772820.60371 6200467.22522 52707754.97537 16502511.4289 ] [ 2742246.79113 -12136052.80679 -15464359.92546 3634284.86807 16502511.4289 65233966.59275 ] ] ]

State
Pi 0.040588
A 0.026403 0.041774 0.017642 0.053213 0.037495 0.755663 0.06781 
MultiGaussianOPDF [ [ 4076.32017 -10292.26179 4154.39282 -12713.98717 2344.92487 2762.55522 ] [ [ 75977253.38945 -3988003.40346 -7157876.42825 466776.26509 5550890.45469 -15983040.93621 ] [ -3988003.40346 26938029.68787 -2149910.79232 -1917083.08002 -3806696.48974 -2717031.36082 ] [ -7157876.42825 -2149910.79232 52316041.94336 -4441079.75994 -14069449.11477 -4792607.98148 ] [ 466776.26509 -1917083.08002 -4441079.75994 13761195.53991 -14779.8924 8418325.38588 ] [ 5550890.45469 -3806696.48974 -14069449.11477 -14779.8924 55108945.23753 -5484740.22401 ] [ -15983040.93621 -2717031.36082 -4792607.98148 8418325.38588 -5484740.22401 66001675.27322 ] ] ]

State
Pi 0.063352
A 0 0.035572 0.000711 0.060217 0.083682 0.018539 0.801279 
MultiGaussianOPDF [ [ 10225.28955 -7068.80526 -10786.10702 -5669.58129 5489.84553 12393.16638 ] [ [ 30599309.15475 -4096369.27635 -3287382.92462 6560118.61847 1449485.53448 291727.42493 ] [ -4096369.27635 41482677.84288 666350.35595 8729453.31506 -7057039.92391 -927790.64801 ] [ -3287382.92462 666350.35595 37021523.86734 4809904.02889 2683434.29714 -1937640.59292 ] [ 6560118.61847 8729453.31506 4809904.02889 57802346.09895 3863291.46905 -1027219.03509 ] [ 1449485.53448 -7057039.92391 2683434.29714 3863291.46905 32625395.33771 871412.57694 ] [ 291727.42493 -927790.64801 -1937640.59292 -1027219.03509 871412.57694 2281486.20588 ] ] ]

RIGHT_CHOP -2598.3096334607235 -233.38796992812163 1 
Hmm v1.0

NbStates 5

State
Pi 0.079079
A 0.87204 0.002239 0 0.007216 0.118505 
MultiGaussianOPDF [ [ -17805.39193 -6655.9324 6556.14849 ] [ [ 4411098.68253 4053078.20303 2731142.60063 ] [ 4053078.20303 78788217.11277 10956627.34755 ] [ 2731142.60063 10956627.34755 32158320.37722 ] ] ]

State
Pi 0.555036
A 0.063855 0.822813 0.004624 0.108708 0 
MultiGaussianOPDF [ [ -8201.94463 -10981.90634 -429.19384 ] [ [ 14875176.54826 768942.09021 1032036.09108 ] [ 768942.09021 14114223.52419 -1064524.83635 ] [ 1032036.09108 -1064524.83635 13112986.83235 ] ] ]

State
Pi 0.249438
A 0.003343 0.066297 0.916657 0.004369 0.009334 
MultiGaussianOPDF [ [ -418.04416 -1412.67227 -921.98674 ] [ [ 59998413.12372 -31378016.12667 -8665583.30991 ] [ -31378016.12667 39547085.04709 4473000.58835 ] [ -8665583.30991 4473000.58835 17071296.41069 ] ] ]

State
Pi 0.083801
A 0.087429 0.017916 0 0.86805 0.026604 
MultiGaussianOPDF [ [ -17006.18954 -9598.95503 -7025.90364 ] [ [ 5188522.36033 9736466.40947 107189.31582 ] [ 9736466.40947 75669057.86617 -7957210.36285 ] [ 107189.31582 -7957210.36285 21369359.10972 ] ] ]

State
Pi 0.032646
A 0.002065 0.001535 0.03649 0.006074 0.953837 
MultiGaussianOPDF [ [ -9916.11613 12390.98265 4511.13053 ] [ [ 36807268.60452 2202979.7451 -5894224.05218 ] [ 2202979.7451 4069723.24523 3558231.10468 ] [ -5894224.05218 3558231.10468 39860629.19481 ] ] ]

RINGMASTER_LEFT_HALF_RING -4042.512379034914 -262.4129541517229 1 
Hmm v1.0

NbStates 5

State
Pi 0.018345
A 0.907267 0.001092 0 0 0.091641 
MultiGaussianOPDF [ [ 14861.16926 4897.15199 -12909.10153 ] [ [ 10876160.70677 -2219226.1144 -586149.85258 ] [ -2219226.1144 38317009.03302 -789112.23499 ] [ -586149.85258 -789112.23499 2242656.11422 ] ] ]

State
Pi 0.42255
A 0.10947 0.87301 0.000624 0.008084 0.008811 
MultiGaussianOPDF [ [ 1814.98594 5171.7345 -10740.35097 ] [ [ 28748356.45198 -1704919.09187 681249.15756 ] [ -1704919.09187 20841245.99522 -2502697.11774 ] [ 681249.15756 -2502697.11774 7400010.81664 ] ] ]

State
Pi 0.100906
A 0 0.033136 0.927588 0.011679 0.027597 
MultiGaussianOPDF [ [ -2849.27361 3619.29171 6461.8576 ] [ [ 110499235.52364 46613245.02784 -2872425.59945 ] [ 46613245.02784 62096189.87684 -6816537.31602 ] [ -2872425.59945 -6816537.31602 44128421.46123 ] ] ]

State
Pi 0.419537
A 0 0.037547 0.009795 0.944374 0.008284 
MultiGaussianOPDF [ [ 1213.78521 304.95924 28.04846 ] [ [ 13509607.52608 1042083.43801 -3368417.69091 ] [ 1042083.43801 5554331.49915 -4187839.65151 ] [ -3368417.69091 -4187839.65151 10125469.55393 ] ] ]

State
Pi 0.038662
A 0.004197 0.000328 0.005834 0.037563 0.952077 
MultiGaussianOPDF [ [ 13163.06267 293.5292 -47.01904 ] [ [ 17390474.1085 -671251.08511 -5393678.33717 ] [ -671251.08511 36830003.10642 -20646627.16002 ] [ -5393678.33717 -20646627.16002 38280110.55127 ] ] ]

RINGMASTER_RIGHT_HALF_RING -3564.954599488624 -261.0206772164218 1 
Hmm v1.0

NbStates 5

State
Pi 0.054555
A 0.940448 0 0.003658 0.003945 0.05195 
MultiGaussianOPDF [ [ -10818.67643 -1917.09749 6247.03805 ] [ [ 72383468.54046 6134614.82181 15285155.84521 ] [ 6134614.82181 43679938.3978 6093990.46433 ] [ 15285155.84521 6093990.46433 26636634.995 ] ] ]

State
Pi 0.014901
A 0 0.876819 0.000012 0.123169 0 
MultiGaussianOPDF [ [ -15106.04145 6697.8886 -13018.1883 ] [ [ 12390523.53957 -2252596.36047 2169623.43982 ] [ -2252596.36047 25572569.65052 -1067373.5578 ] [ 2169623.43982 -1067373.5578 1705154.68036 ] ] ]

State
Pi 0.499204
A 0.000503 0.100895 0.873495 0.021582 0.003526 
MultiGaussianOPDF [ [ -868.49958 3904.00329 -10144.04892 ] [ [ 47436646.18707 -7810132.8293 6435707.33725 ] [ -7810132.8293 41993385.79193 -1978316.97176 ] [ 6435707.33725 -1978316.97176 18257205.51231 ] ] ]

State
Pi 0.061203
A 0.095095 0.008586 0.001344 0.874857 0.020118 
MultiGaussianOPDF [ [ -15025.03511 738.88806 -7230.15975 ] [ [ 13139323.74531 4904125.20308 7476905.21294 ] [ 4904125.20308 45434984.45608 12763780.3769 ] [ 7476905.21294 12763780.3769 21291929.24608 ] ] ]

State
Pi 0.370137
A 0.003825 0 0.027567 0.010384 0.958224 
MultiGaussianOPDF [ [ -2404.16171 67.21211 74.38798 ] [ [ 16491491.79186 -1002491.79534 6676060.16181 ] [ -1002491.79534 4314253.58766 -3471850.93769 ] [ 6676060.16181 -3471850.93769 12752980.38597 ] ] ]

NYAN_CAT -9751.568368772323 -1474.2714233423997 1 
Hmm v1.0

NbStates 7

State
Pi 0.034656
A 0.848237 0.09221 0.000509 0.033968 0 0.023553 0.001523 
MultiGaussianOPDF [ [ -684.55751 38.3317 -325.22986 -7700.83854 1917.18211 6647.32795 ] [ [ 9544639.31598 303261.73093 -1349559.51537 2720993.90693 111524.53693 1784077.12008 ] [ 303261.73093 3797518.57353 -715085.65502 1146827.39668 -553767.78756 761430.08962 ] [ -1349559.51537 -715085.65502 19617392.47485 -443506.16982 2248763.12081 -10266452.39349 ] [ 2720993.90693 1146827.39668 -443506.16982 9946963.21552 1881247.85127 2433809.21855 ] [ 111524.53693 -553767.78756 2248763.12081 1881247.85127 8761984.4302 2881218.37056 ] [ 1784077.12008 761430.08962 -10266452.39349 2433809.21855 2881218.37056 20583976.91235 ] ] ]

State
Pi 0.066019
A 0.000509 0.8765 0.018761 0.01154 0 0.092691 0 
MultiGaussianOPDF [ [ -810.20049 494.98129 -511.78551 252.12424 2227.50019 8528.69643 ] [ [ 4274052.54711 299260.04713 -1428888.41525 675734.05132 -1242303.78807 1228370.50648 ] [ 299260.04713 2294357.86237 685037.67188 486235.06442 -1193665.06474 -549106.68365 ] [ -1428888.41525 685037.67188 10825923.41566 -2875326.2368 -158115.17258 -3638245.02395 ] [ 675734.05132 486235.06442 -2875326.2368 8277690.33899 -1163982.85955 -103264.57447 ] [ -1242303.78807 -1193665.06474 -158115.17258 -1163982.85955 5808838.44097 1232156.71593 ] [ 1228370.50648 -549106.68365 -3638245.02395 -103264.57447 1232156.71593 7901322.49249 ] ] ]

State
Pi 0.531279
A 0.051303 0.054974 0.878754 0.003528 0.000162 0.000907 0.010372 
MultiGaussianOPDF [ [ -2044.09078 1330.79427 5362.65718 -652.58815 -518.89082 -1064.96185 ] [ [ 5469830.3038 1812379.86683 -1291361.77829 828157.11749 -485721.48396 -398058.8141 ] [ 1812379.86683 6845124.97789 3207632.46363 2447211.2095 -1369784.68129 -511080.09868 ] [ -1291361.77829 3207632.46363 18040626.85992 1532496.69654 -648490.22372 -1608191.37292 ] [ 828157.11749 2447211.2095 1532496.69654 7191241.80248 -340516.16801 1214603.12749 ] [ -485721.48396 -1369784.68129 -648490.22372 -340516.16801 5068191.57347 4902641.10755 ] [ -398058.8141 -511080.09868 -1608191.37292 1214603.12749 4902641.10755 9618033.82371 ] ] ]

State
Pi 0.22003
A 0.00315 0.000638 0.006471 0.873807 0.104864 0.007258 0.003813 
MultiGaussianOPDF [ [ 3536.96852 -938.61125 -6300.17854 -2839.31326 31.75706 4074.89618 ] [ [ 57953088.03303 7174205.74895 -15563615.34474 -20137832.48565 -3078768.19769 21879317.6749 ] [ 7174205.74895 32991617.43151 -4570190.49019 7077376.83074 -5377050.45057 885172.38004 ] [ -15563615.34474 -4570190.49019 46373193.74811 7410954.53119 9844953.00481 -20831455.07611 ] [ -20137832.48565 7077376.83074 7410954.53119 61826546.73755 -13137566.04219 -9162812.76531 ] [ -3078768.19769 -5377050.45057 9844953.00481 -13137566.04219 45122129.51901 6181664.90624 ] [ 21879317.6749 885172.38004 -20831455.07611 -9162812.76531 6181664.90624 72397640.523 ] ] ]

State
Pi 0.052461
A 0 0 0.000668 0.010344 0.783384 0.009237 0.196367 
MultiGaussianOPDF [ [ 9774.69515 2313.69013 7615.54189 -771.80082 -5266.32514 -3683.39036 ] [ [ 12341296.92354 2718913.04169 -5307930.14673 -2451739.8702 -3042799.94232 -971440.17835 ] [ 2718913.04169 30797091.01405 -4478454.86882 -4433089.8143 -5842543.69623 1813282.66019 ] [ -5307930.14673 -4478454.86882 21058016.50471 -5918757.83331 -1124034.80946 -14977324.58873 ] [ -2451739.8702 -4433089.8143 -5918757.83331 40588318.51681 7412215.73638 23148589.12732 ] [ -3042799.94232 -5842543.69623 -1124034.80946 7412215.73638 24732816.64056 13559259.27173 ] [ -971440.17835 1813282.66019 -14977324.58873 23148589.12732 13559259.27173 79585914.25289 ] ] ]

State
Pi 0.063102
A 0.011708 0.003476 0.072678 0.00012 0.014134 0.882344 0.01554 
MultiGaussianOPDF [ [ 4346.27279 334.33142 5695.08864 1463.68474 -267.98295 1447.15111 ] [ [ 9609176.82056 -2200141.26051 -994549.17168 -1527763.13061 -415693.95314 -2202064.13925 ] [ -2200141.26051 4880325.16481 -2392400.30639 2772643.05272 -167152.48652 2441134.5938 ] [ -994549.17168 -2392400.30639 18804939.62604 -2950623.20741 -852373.14867 -9260745.25257 ] [ -1527763.13061 2772643.05272 -2950623.20741 9980601.10967 57904.49321 1694616.52128 ] [ -415693.95314 -167152.48652 -852373.14867 57904.49321 1925910.34815 2191109.15686 ] [ -2202064.13925 2441134.5938 -9260745.25257 1694616.52128 2191109.15686 18428304.73191 ] ] ]

State
Pi 0.032454
A 0.116989 0.000569 0.00584 0.094549 0.00051 0.001465 0.780077 
MultiGaussianOPDF [ [ 609.19804 -1533.86944 11013.42062 -8231.63906 35.63859 -2230.10086 ] [ [ 27668124.73045 3806662.6319 90050.66509 -3759259.70815 5354615.96806 2127775.94263 ] [ 3806662.6319 30924951.52195 1453757.16889 423253.48664 -1198581.07135 793258.66051 ] [ 90050.66509 1453757.16889 5308544.53639 -366613.04813 -1688795.42485 -2686166.93263 ] [ -3759259.70815 423253.48664 -366613.04813 27530624.04116 -9573200.62629 950551.57612 ] [ 5354615.96806 -1198581.07135 -1688795.42485 -9573200.62629 29511659.7116 22557245.23976 ] [ 2127775.94263 793258.66051 -2686166.93263 950551.57612 22557245.23976 66858464.45876 ] ] ]

SUCK_IT -7237.204182055573 -474.5323248135088 1 
Hmm v1.0

NbStates 7

State
Pi 0.103476
A 0.903215 0.030281 0 0 0.026169 0.040335 0 
MultiGaussianOPDF [ [ 1560.9843 2341.99533 2035.63643 -3369.00793 2357.17853 1256.71716 ] [ [ 69972507.06269 11211718.57542 -11042492.48036 -63730077.71494 6057873.00487 2566899.80249 ] [ 11211718.57542 83128206.54183 8391961.78834 1714239.19626 49649009.20501 -2548986.45477 ] [ -11042492.48036 8391961.78834 33997847.71496 5378595.76158 4218576.93622 11684918.37201 ] [ -63730077.71494 1714239.19626 5378595.76158 93392579.15178 626952.84336 -4627280.25861 ] [ 6057873.00487 49649009.20501 4218576.93622 626952.84336 82325226.30562 -6883373.34499 ] [ 2566899.80249 -2548986.45477 11684918.37201 -4627280.25861 -6883373.34499 26217262.20264 ] ] ]

State
Pi 0.397519
A 0.012086 0.881695 0.031728 0.041248 0.033095 0.000148 0 
MultiGaussianOPDF [ [ 5128.04288 -6077.78342 381.28461 -6765.23106 -6316.23443 892.62732 ] [ [ 17944220.2765 2405685.21896 -1822241.09179 -17638066.25808 3161968.07066 956893.35012 ] [ 2405685.21896 12922280.47534 -3033793.18845 -3564104.70729 12987538.43865 -1886967.69552 ] [ -1822241.09179 -3033793.18845 5662558.57116 1720761.04275 -3655456.85384 2577027.19432 ] [ -17638066.25808 -3564104.70729 1720761.04275 23261568.30734 -4223355.75014 -350456.65482 ] [ 3161968.07066 12987538.43865 -3655456.85384 -4223355.75014 17174124.06178 -2650785.51337 ] [ 956893.35012 -1886967.69552 2577027.19432 -350456.65482 -2650785.51337 3651509.40217 ] ] ]

State
Pi 0.138629
A 0 0.001148 0.845066 0.02114 0.132183 0.000463 0 
MultiGaussianOPDF [ [ 10520.58711 -12745.08159 1862.78316 -15443.43684 -12747.01862 3255.88158 ] [ [ 27461112.83642 -4895694.37857 2928872.60649 -9770151.14851 -980666.25786 11588954.38895 ] [ -4895694.37857 16003563.0786 -2764076.30747 1270333.07619 10834864.71004 -2182230.01281 ] [ 2928872.60649 -2764076.30747 28428234.88723 1567995.98296 -5611802.8588 15683709.31901 ] [ -9770151.14851 1270333.07619 1567995.98296 9348260.90963 -706156.70731 433251.39205 ] [ -980666.25786 10834864.71004 -5611802.8588 -706156.70731 21964897.19391 -2176094.86546 ] [ 11588954.38895 -2182230.01281 15683709.31901 433251.39205 -2176094.86546 30552953.91696 ] ] ]

State
Pi 0.237106
A 0 0.011089 0.058612 0.833566 0.096733 0 0 
MultiGaussianOPDF [ [ 9195.142 -11446.61687 -1554.37915 -9960.91485 -13807.35799 -2449.93753 ] [ [ 30500065.5256 166503.638 -5505239.41612 -22105415.5209 2602314.09406 -6419402.66184 ] [ 166503.638 19130652.42052 -2833514.21831 108769.70308 9593057.53077 754202.094 ] [ -5505239.41612 -2833514.21831 19371311.29373 6846117.0332 -3799237.41709 10268842.35148 ] [ -22105415.5209 108769.70308 6846117.0332 28418957.83065 -587145.8966 11749336.00697 ] [ 2602314.09406 9593057.53077 -3799237.41709 -587145.8966 14796005.43585 -2237849.5646 ] [ -6419402.66184 754202.094 10268842.35148 11749336.00697 -2237849.5646 25925583.79262 ] ] ]

State
Pi 0.073146
A 0.007779 0.021352 0.015456 0.010228 0.785498 0.038153 0.121535 
MultiGaussianOPDF [ [ 13733.64386 551.05473 -1944.01238 -14799.79077 1322.31142 -653.56959 ] [ [ 5353553.31734 -5494447.96223 297151.55315 -2860718.6961 -4711317.61695 -412009.08369 ] [ -5494447.96223 52023575.52762 -4283166.5101 996258.09579 8504856.22899 2190797.35297 ] [ 297151.55315 -4283166.5101 52382920.51035 209165.26936 -1666516.51812 29647271.9527 ] [ -2860718.6961 996258.09579 209165.26936 4283415.31765 6791314.00911 -173177.30649 ] [ -4711317.61695 8504856.22899 -1666516.51812 6791314.00911 54585753.76076 -8622171.2484 ] [ -412009.08369 2190797.35297 29647271.9527 -173177.30649 -8622171.2484 52865201.21749 ] ] ]

State
Pi 0.043101
A 0.053718 0.000114 0 0 0.054341 0.834404 0.057423 
MultiGaussianOPDF [ [ 9810.55804 12408.9754 -320.75992 -11405.7767 12983.20847 837.99653 ] [ [ 13061078.10348 -1021555.35298 2662522.46656 -4651796.14772 -290137.27657 4864818.77047 ] [ -1021555.35298 4892010.64207 -2641026.24522 886435.70094 1808714.50377 -2539888.45608 ] [ 2662522.46656 -2641026.24522 65107064.47669 -4717343.6102 -1213044.90607 33794044.54444 ] [ -4651796.14772 886435.70094 -4717343.6102 12191577.50877 953746.78104 -2389747.84483 ] [ -290137.27657 1808714.50377 -1213044.90607 953746.78104 2835621.96373 -1823474.64266 ] [ 4864818.77047 -2539888.45608 33794044.54444 -2389747.84483 -1823474.64266 55284068.39321 ] ] ]

State
Pi 0.007023
A 0 0 0 0.000455 0.063491 0.129853 0.806201 
MultiGaussianOPDF [ [ 12919.8048 11775.16976 -7169.39234 -13631.05042 12313.4418 -4002.89 ] [ [ 1055326.9667 -1287771.68749 -442025.9684 -891850.66538 -1086663.1609 -1117162.06479 ] [ -1287771.68749 9756511.51459 -3194306.35969 546397.01575 4346755.10813 -2040604.3676 ] [ -442025.9684 -3194306.35969 26862354.80316 998153.09643 -1978909.51505 20231819.75591 ] [ -891850.66538 546397.01575 998153.09643 1468483.69777 1145675.02442 2425180.52272 ] [ -1086663.1609 4346755.10813 -1978909.51505 1145675.02442 6325894.54357 -782942.35999 ] [ -1117162.06479 -2040604.3676 20231819.75591 2425180.52272 -782942.35999 45249904.40325 ] ] ]

RINGMASTER_LEFT_CIRCLE -3551.53943267881 -755.3279552259726 1 
Hmm v1.0

NbStates 5

State
Pi 0.484077
A 0.876135 0.084931 0.000032 0.019623 0.019279 
MultiGaussianOPDF [ [ 11331.03989 5585.30082 -4293.1209 ] [ [ 16909644.05478 -2986056.67762 -2051386.95727 ] [ -2986056.67762 23129947.70206 6792853.67451 ] [ -2051386.95727 6792853.67451 25273707.34886 ] ] ]

State
Pi 0.165815
A 0.00629 0.877309 0.049713 0.066688 0 
MultiGaussianOPDF [ [ 9792.51621 7178.83143 9366.07264 ] [ [ 32179750.65618 181862.57567 -3568981.96497 ] [ 181862.57567 21224070.95387 -2032183.11398 ] [ -3568981.96497 -2032183.11398 11862325.85676 ] ] ]

State
Pi 0.204888
A 0.006691 0.002386 0.933628 0.006808 0.050487 
MultiGaussianOPDF [ [ -2055.3684 -5561.96272 3124.77369 ] [ [ 61428542.63349 3405190.11696 24851575.10486 ] [ 3405190.11696 33534083.98033 -1949599.64161 ] [ 24851575.10486 -1949599.64161 40393135.4373 ] ] ]

State
Pi 0.0548
A 0.009546 0.004104 0.008861 0.920916 0.056572 
MultiGaussianOPDF [ [ 13747.17779 -6177.02701 5070.53502 ] [ [ 11317187.3168 2486972.77763 614661.72152 ] [ 2486972.77763 23248076.15677 -1622150.57411 ] [ 614661.72152 -1622150.57411 18837054.77651 ] ] ]

State
Pi 0.09042
A 0.051381 0 0.004247 0.011465 0.932906 
MultiGaussianOPDF [ [ 8042.42632 -8396.18249 -3991.7663 ] [ [ 19882101.57336 -2957985.8251 -5485551.9371 ] [ -2957985.8251 16602553.0833 3398423.63435 ] [ -5485551.9371 3398423.63435 18920898.16553 ] ] ]

RIGHT_UPPERCUT -2982.543128493906 -260.3662029268146 1 
Hmm v1.0

NbStates 5

State
Pi 0.004167
A 0.912732 0.001032 0.000715 0.001084 0.084438 
MultiGaussianOPDF [ [ -17609.46821 -2780.07815 1504.67703 ] [ [ 9183429.20687 511160.93186 5875225.81763 ] [ 511160.93186 69170421.78754 -2046073.55322 ] [ 5875225.81763 -2046073.55322 51523806.40639 ] ] ]

State
Pi 0.003503
A 0.029875 0.848769 0 0.119841 0.001515 
MultiGaussianOPDF [ [ -15624.13255 10482.39368 -12985.46518 ] [ [ 8609152.69066 -1906570.43793 1476628.98964 ] [ -1906570.43793 10290648.74981 -407459.64898 ] [ 1476628.98964 -407459.64898 2236428.27615 ] ] ]

State
Pi 0.365867
A 0 0.080652 0.87374 0.040724 0.004884 
MultiGaussianOPDF [ [ -1070.4051 3909.31802 -12427.98994 ] [ [ 51123745.07001 429000.16745 3711204.59534 ] [ 429000.16745 48198926.74011 1575924.16442 ] [ 3711204.59534 1575924.16442 5994792.78957 ] ] ]

State
Pi 0.001521
A 0.159433 0.001557 0.000774 0.838111 0.000125 
MultiGaussianOPDF [ [ -17944.18549 -1347.68182 -13583.93941 ] [ [ 5577703.99326 -4928441.92946 1337603.34252 ] [ -4928441.92946 40009704.41275 -739441.54511 ] [ 1337603.34252 -739441.54511 3705162.72917 ] ] ]

State
Pi 0.624941
A 0.009466 0.013682 0.057054 0.000133 0.919665 
MultiGaussianOPDF [ [ -2282.13243 1619.79292 -265.4396 ] [ [ 32140763.18889 -6200164.90309 12135807.91145 ] [ -6200164.90309 29693252.80373 -7480458.16415 ] [ 12135807.91145 -7480458.16415 30294627.17842 ] ] ]

TWO_HANDED_ONE_HUNDRED_HAND_SLAP -12408.204267011608 -1498.7822880017281 1 
Hmm v1.0

NbStates 7

State
Pi 0.022243
A 0.828185 0.001912 0 0 0.02276 0.104129 0.043014 
MultiGaussianOPDF [ [ 2005.30996 -920.64287 12478.7437 -12813.46482 -10945.78149 -11955.33434 ] [ [ 65279263.59575 -7485920.25727 13972.96979 7022438.94821 -15501318.31705 -5430508.12976 ] [ -7485920.25727 45357749.54784 -645551.44301 1168685.49993 3022404.3156 4246970.37813 ] [ 13972.96979 -645551.44301 1795913.77944 -378552.30885 -1268705.92093 -1362743.39261 ] [ 7022438.94821 1168685.49993 -378552.30885 22781147.34303 5936585.22082 -1879471.81046 ] [ -15501318.31705 3022404.3156 -1268705.92093 5936585.22082 29547494.23552 10922216.82589 ] [ -5430508.12976 4246970.37813 -1362743.39261 -1879471.81046 10922216.82589 33820128.11714 ] ] ]

State
Pi 0.025946
A 0.041032 0.793715 0.005978 0.009317 0.031004 0.053829 0.065126 
MultiGaussianOPDF [ [ 13843.17979 1705.12704 1222.22558 -1284.47483 -10041.09463 4157.52621 ] [ [ 7760864.41091 8068067.88488 -7132567.25175 1569957.55528 751067.4978 3486526.43792 ] [ 8068067.88488 91421622.16639 -1691522.18659 7895059.48849 -3661631.66599 1953648.02456 ] [ -7132567.25175 -1691522.18659 73747213.26311 2065869.32645 -5816898.96763 -11087040.37424 ] [ 1569957.55528 7895059.48849 2065869.32645 85234493.18305 -3413622.16241 8185517.63076 ] [ 751067.4978 -3661631.66599 -5816898.96763 -3413622.16241 25823667.21942 684939.03243 ] [ 3486526.43792 1953648.02456 -11087040.37424 8185517.63076 684939.03243 63157204.40334 ] ] ]

State
Pi 0.106819
A 0 0.022436 0.824609 0.013865 0 0.069333 0.069757 
MultiGaussianOPDF [ [ 10417.37925 -9201.45626 -11563.40241 -10633.29109 4633.7005 12753.70328 ] [ [ 30063506.14093 396101.09763 -1950551.50592 5356447.06196 2412816.1562 -12698.93841 ] [ 396101.09763 31342998.30806 5186805.10354 689186.6241 -8760185.97077 -710824.47911 ] [ -1950551.50592 5186805.10354 38659239.52302 -4957913.96302 -3007136.37488 -1957414.24078 ] [ 5356447.06196 689186.6241 -4957913.96302 18318250.76552 6748748.25996 836291.93807 ] [ 2412816.1562 -8760185.97077 -3007136.37488 6748748.25996 36994521.91216 1164236.2239 ] [ -12698.93841 -710824.47911 -1957414.24078 836291.93807 1164236.2239 1972740.45517 ] ] ]

State
Pi 0.099998
A 0 0.027808 0.024209 0.822541 0.060931 0.043629 0.020882 
MultiGaussianOPDF [ [ 8568.09658 -3529.51497 -3563.0087 4176.26476 4932.48657 11644.87651 ] [ [ 55167287.78027 -20091273.64322 -47026543.02715 -1758643.53037 4877866.19716 390944.65674 ] [ -20091273.64322 42673058.2586 21067009.97575 190355.72074 -23435.63622 715253.07682 ] [ -47026543.02715 21067009.97575 97919072.84688 -7971815.75813 1608145.46769 -998101.74222 ] [ -1758643.53037 190355.72074 -7971815.75813 35241746.22045 3117136.03806 4534564.41488 ] [ 4877866.19716 -23435.63622 1608145.46769 3117136.03806 25304423.05273 2526998.92833 ] [ 390944.65674 715253.07682 -998101.74222 4534564.41488 2526998.92833 3433153.0286 ] ] ]

State
Pi 0.38249
A 0.021526 0.042262 0 0.041597 0.828653 0.016672 0.049291 
MultiGaussianOPDF [ [ -272.5757 -1393.32202 1288.00153 1664.63507 -1140.66355 1234.68949 ] [ [ 63045492.78204 19577184.89605 -13668848.21438 -28029153.64557 14671699.09085 -2236542.37929 ] [ 19577184.89605 56483847.70544 -11720321.33046 -17414999.12072 14057178.12243 -3968489.78343 ] [ -13668848.21438 -11720321.33046 87329856.79028 -4368886.92479 8501258.66543 -15768258.68376 ] [ -28029153.64557 -17414999.12072 -4368886.92479 49845423.31238 -14759548.20582 10170729.73183 ] [ 14671699.09085 14057178.12243 8501258.66543 -14759548.20582 54367141.25875 -27411196.75707 ] [ -2236542.37929 -3968489.78343 -15768258.68376 10170729.73183 -27411196.75707 75897883.23562 ] ] ]

State
Pi 0.210523
A 0.075689 0.024357 0.072892 0.043793 0.026063 0.698157 0.059049 
MultiGaussianOPDF [ [ 4254.46887 -3916.85457 7976.38338 -12331.18047 380.95404 7659.89912 ] [ [ 76623072.8748 28787254.97276 -5244414.86151 -1505406.43261 -73797.27306 -2794446.44679 ] [ 28787254.97276 59683953.18966 -3753410.99851 2714936.47337 2817559.74318 -4360476.32704 ] [ -5244414.86151 -3753410.99851 23298221.95133 293742.65172 -2994934.12996 511629.25786 ] [ -1505406.43261 2714936.47337 293742.65172 13341618.61564 -406556.61413 3090809.2693 ] [ -73797.27306 2817559.74318 -2994934.12996 -406556.61413 47553454.46081 10336929.35449 ] [ -2794446.44679 -4360476.32704 511629.25786 3090809.2693 10336929.35449 23654797.26789 ] ] ]

State
Pi 0.15198
A 0.04676 0.038151 0.020041 0.018429 0.036895 0.042322 0.797402 
