32
RINGMASTER_RIGHT_HALF_RING -3547.5510339961584 -259.6425388692892 1 
Hmm v1.0

NbStates 5

State
Pi 0.070086
A 0.932168 0 0.007263 0.0087 0.051869 
MultiGaussianOPDF [ [ -8251.2922 -1172.84994 7594.7988 ] [ [ 84862246.10497 478604.31911 -427633.28084 ] [ 478604.31911 39218847.44803 1086627.38938 ] [ -427633.28084 1086627.38938 18449476.46721 ] ] ]

State
Pi 0.010285
A 0 0.890236 0.000529 0.109235 0 
MultiGaussianOPDF [ [ -15988.65815 3946.67179 -13163.35311 ] [ [ 10202510.59227 2574830.3456 2298023.52288 ] [ 2574830.3456 54954758.18813 1117789.05041 ] [ 2298023.52288 1117789.05041 2714623.24478 ] ] ]

State
Pi 0.448588
A 0.00229 0.1092 0.876294 0.006432 0.005783 
MultiGaussianOPDF [ [ -1609.40549 3653.43442 -10904.44653 ] [ [ 44189190.59012 -1819890.2494 1360060.23745 ] [ -1819890.2494 42716446.41278 19093.70821 ] [ 1360060.23745 19093.70821 10980934.20388 ] ] ]

State
Pi 0.115514
A 0.07964 0.011575 0.003059 0.884992 0.020734 
MultiGaussianOPDF [ [ -13748.50497 1349.47571 -3537.53799 ] [ [ 15531601.28495 6518924.3366 2708529.43749 ] [ 6518924.3366 41115847.16998 -93667.50225 ] [ 2708529.43749 -93667.50225 14316830.07331 ] ] ]

State
Pi 0.355527
A 0.004149 0 0.028785 0.01131 0.955756 
MultiGaussianOPDF [ [ -1510.84087 162.21054 90.07899 ] [ [ 13408941.10845 -87862.54344 4190140.45037 ] [ -87862.54344 3961474.34721 -2936991.11054 ] [ 4190140.45037 -2936991.11054 10983433.06327 ] ] ]

RIGHT_SHORYUKEN -4551.840490030437 -555.8835538634021 1 
Hmm v1.0

NbStates 5

State
Pi 0.283425
A 0.935649 0.000005 0.012773 0.008411 0.043163 
MultiGaussianOPDF [ [ -5826.70005 -3936.61929 -9666.56583 ] [ [ 50290406.49108 6523742.7635 13260618.2972 ] [ 6523742.7635 28817320.60284 -1506468.78266 ] [ 13260618.2972 -1506468.78266 20344225.88204 ] ] ]

State
Pi 0.009723
A 0 0.880312 0.046926 0.065022 0.00774 
MultiGaussianOPDF [ [ -14826.42281 13535.8192 -1214.97447 ] [ [ 23249973.68722 -2521401.0294 4226556.20185 ] [ -2521401.0294 5410792.92319 172652.70106 ] [ 4226556.20185 172652.70106 52045984.92323 ] ] ]

State
Pi 0.569953
A 0.041919 0.009929 0.890034 0.015246 0.042873 
MultiGaussianOPDF [ [ -1076.23641 8291.51144 -7444.70216 ] [ [ 36342148.01423 1395613.62331 -123762.00508 ] [ 1395613.62331 15858116.97366 -6712732.45858 ] [ -123762.00508 -6712732.45858 25357226.50787 ] ] ]

State
Pi 0.107954
A 0.02563 0.007391 0.011469 0.95551 0 
MultiGaussianOPDF [ [ -1804.94851 2627.76996 4758.94817 ] [ [ 57227148.42507 23057728.46749 11648876.16127 ] [ 23057728.46749 43443484.96127 6991657.15754 ] [ 11648876.16127 6991657.15754 34378925.8297 ] ] ]

State
Pi 0.028944
A 0.006833 0.079731 0.013921 0 0.899515 
MultiGaussianOPDF [ [ -16772.40156 11232.96452 -14645.39673 ] [ [ 10252318.98151 -2729618.62392 545214.48233 ] [ -2729618.62392 12306817.79027 -1500643.2084 ] [ 545214.48233 -1500643.2084 3776094.02716 ] ] ]

RIGHT_CHOP -3175.4109900042895 -235.7617751824439 1 
Hmm v1.0

NbStates 5

State
Pi 0.077918
A 0.876592 0.002513 0 0.015644 0.105251 
MultiGaussianOPDF [ [ -17794.80986 -7388.6608 5524.23534 ] [ [ 4412387.22168 4475136.47161 2736985.72852 ] [ 4475136.47161 76989646.24661 13446887.10404 ] [ 2736985.72852 13446887.10404 34727751.37296 ] ] ]

State
Pi 0.50986
A 0.095728 0.823485 0.006299 0.074488 0 
MultiGaussianOPDF [ [ -8460.66131 -11623.77128 -378.98523 ] [ [ 18742283.6763 1898768.43127 2328344.41545 ] [ 1898768.43127 10205867.36351 624008.62968 ] [ 2328344.41545 624008.62968 12638346.71638 ] ] ]

State
Pi 0.307481
A 0.003612 0.070448 0.912635 0.009066 0.00424 
MultiGaussianOPDF [ [ -1268.28745 -1242.16316 -1004.36162 ] [ [ 55646671.30549 -26521265.73502 -4549251.00772 ] [ -26521265.73502 35832521.55387 2874743.55389 ] [ -4549251.00772 2874743.55389 16657373.3559 ] ] ]

State
Pi 0.076987
A 0.062679 0.017795 0 0.881267 0.038259 
MultiGaussianOPDF [ [ -16992.18895 -7586.27643 -8379.77153 ] [ [ 5366281.36117 12007604.66193 381380.75905 ] [ 12007604.66193 96390246.54665 -2909016.76797 ] [ 381380.75905 -2909016.76797 15490482.51049 ] ] ]

State
Pi 0.027754
A 0.002098 0.001287 0.040792 0.002888 0.952936 
MultiGaussianOPDF [ [ -9888.24353 12421.64926 4315.01738 ] [ [ 35853832.30729 1885901.42919 -6392171.331 ] [ 1885901.42919 3780230.23446 2647975.46036 ] [ -6392171.331 2647975.46036 37237636.81577 ] ] ]

LEFT_SHORYUKEN -5225.935245057175 -542.3764938239974 1 
Hmm v1.0

NbStates 5

State
Pi 0.665385
A 0.889966 0.010887 0.078457 0.013184 0.007506 
MultiGaussianOPDF [ [ -531.40172 8901.48136 -8863.25608 ] [ [ 42362882.06061 -13464.81647 -10854717.9822 ] [ -13464.81647 16245753.95904 -2830891.49719 ] [ -10854717.9822 -2830891.49719 24509897.11423 ] ] ]

State
Pi 0.163634
A 0.015695 0.926875 0 0.050352 0.007078 
MultiGaussianOPDF [ [ 2015.46615 3668.60938 4399.16105 ] [ [ 30486698.40912 -435067.7272 -8716696.03567 ] [ -435067.7272 41498239.35989 -4377056.95638 ] [ -8716696.03567 -4377056.95638 25885899.18474 ] ] ]

State
Pi 0.035789
A 0.003936 0 0.910019 0.004709 0.081336 
MultiGaussianOPDF [ [ 16392.54004 11330.69494 -14402.9821 ] [ [ 9951685.76139 2070381.16287 -603261.80733 ] [ 2070381.16287 16010744.14604 -2007759.81161 ] [ -603261.80733 -2007759.81161 2494357.41067 ] ] ]

State
Pi 0.125693
A 0.027147 0.004034 0.020183 0.945735 0.002901 
MultiGaussianOPDF [ [ 4830.73565 -4704.54695 -6833.56325 ] [ [ 49175163.52201 -7941481.5704 -11378750.26122 ] [ -7941481.5704 28423479.60101 1745044.13612 ] [ -11378750.26122 1745044.13612 23449768.83178 ] ] ]

State
Pi 0.009499
A 0.003781 0.101011 0.006827 0.004805 0.883576 
MultiGaussianOPDF [ [ 15140.09491 12284.965 -127.2218 ] [ [ 15443441.02285 2343157.70612 -741335.32706 ] [ 2343157.70612 16553728.05815 -7969967.56055 ] [ -741335.32706 -7969967.56055 60129073.1154 ] ] ]

SUMO_HEADBUTT -5632.360750192419 -673.8266110005144 1 
Hmm v1.0

NbStates 7

State
Pi 0.024471
A 0.972462 0.007058 0 0.008167 0.005003 0.007307 0.000003 
MultiGaussianOPDF [ [ 1097.45888 -1294.7774 6596.85523 -1679.33352 -1390.23696 6217.84325 ] [ [ 6651849.70414 -1720049.34856 -3165079.66585 -3581145.06572 -1558327.30692 -2805666.23682 ] [ -1720049.34856 8789361.56129 2431884.71481 894910.23375 4470470.25928 1809202.32968 ] [ -3165079.66585 2431884.71481 8569721.57695 1539216.13663 2340755.28545 5999535.44341 ] [ -3581145.06572 894910.23375 1539216.13663 5400036.32211 451563.68971 2118829.92999 ] [ -1558327.30692 4470470.25928 2340755.28545 451563.68971 6128411.4757 2016421.46105 ] [ -2805666.23682 1809202.32968 5999535.44341 2118829.92999 2016421.46105 7660857.3239 ] ] ]

State
Pi 0.334531
A 0.001394 0.88083 0.071197 0.015104 0.031474 0 0 
MultiGaussianOPDF [ [ -5564.0583 6711.36281 2996.83605 6177.55798 7293.50247 1666.81321 ] [ [ 19482714.30412 1394337.47762 4220293.46902 -14130241.96446 343610.89051 3721205.3327 ] [ 1394337.47762 12506452.64812 188444.43966 -2010438.45019 7055856.01693 180594.6056 ] [ 4220293.46902 188444.43966 21497540.34862 -3056204.67653 77309.17965 14238335.30081 ] [ -14130241.96446 -2010438.45019 -3056204.67653 16392679.25911 -1605141.03363 -2518346.07296 ] [ 343610.89051 7055856.01693 77309.17965 -1605141.03363 10290986.31367 625339.53284 ] [ 3721205.3327 180594.6056 14238335.30081 -2518346.07296 625339.53284 23210353.80479 ] ] ]

State
Pi 0.143969
A 0.000072 0.007605 0.83814 0.003633 0.018812 0.131738 0 
MultiGaussianOPDF [ [ -6702.90709 -469.99818 -2319.2904 6776.14386 -1811.706 -2067.07493 ] [ [ 18134907.17624 4591112.27582 -5795755.71825 -9978986.62019 523401.8067 -5605575.6271 ] [ 4591112.27582 27766819.61609 2588068.345 -3657820.68082 9566343.7522 -106349.80805 ] [ -5795755.71825 2588068.345 26439393.1475 2280601.0083 3194819.88275 13692678.11441 ] [ -9978986.62019 -3657820.68082 2280601.0083 16985789.44716 1200376.62422 5999105.70066 ] [ 523401.8067 9566343.7522 3194819.88275 1200376.62422 17294923.67647 1936099.03517 ] [ -5605575.6271 -106349.80805 13692678.11441 5999105.70066 1936099.03517 24534697.37176 ] ] ]

State
Pi 0.074868
A 0.061306 0.003306 0.008821 0.768372 0.008228 0.130525 0.019443 
MultiGaussianOPDF [ [ 7985.99846 4324.21937 3391.20656 -7027.19552 2832.1351 2460.43074 ] [ [ 18761529.82893 959196.73485 -3851454.97803 -4324213.05459 -4845234.3753 520414.34214 ] [ 959196.73485 27316485.47303 -8267578.36149 -5400766.74131 7195993.40076 -6012765.18653 ] [ -3851454.97803 -8267578.36149 38501512.73368 5545396.52631 -3958030.29621 23070009.59279 ] [ -4324213.05459 -5400766.74131 5545396.52631 28925851.50871 -4002067.47187 1637331.86152 ] [ -4845234.3753 7195993.40076 -3958030.29621 -4002067.47187 32925616.5464 -4525029.7393 ] [ 520414.34214 -6012765.18653 23070009.59279 1637331.86152 -4525029.7393 41359614.38951 ] ] ]

State
Pi 0.413202
A 0.010594 0.030309 0.03191 0.008538 0.887926 0.030721 0 
MultiGaussianOPDF [ [ -2270.21671 889.25465 619.83446 1551.16063 1106.0319 358.13901 ] [ [ 12767740.67124 1667822.77924 -1567020.65809 -10442166.31794 476805.61905 -3447656.13378 ] [ 1667822.77924 7398779.10628 2561403.02499 -1915045.98877 4874932.33636 2522864.16291 ] [ -1567020.65809 2561403.02499 8685322.28715 511955.10075 2305279.03127 7487980.93356 ] [ -10442166.31794 -1915045.98877 511955.10075 11520293.71495 -941679.34732 1634962.09096 ] [ 476805.61905 4874932.33636 2305279.03127 -941679.34732 6085494.40369 2499279.01606 ] [ -3447656.13378 2522864.16291 7487980.93356 1634962.09096 2499279.01606 10947908.66432 ] ] ]

State
Pi 0.008062
A 0.078336 0 0.004224 0.018383 0.003839 0.725401 0.169817 
MultiGaussianOPDF [ [ 2678.10154 -4918.83757 816.99757 -5919.79257 -4945.83521 1713.88939 ] [ [ 30124084.38302 -1379136.86304 2002349.16309 -5652587.69592 -1624969.98016 -2483519.60568 ] [ -1379136.86304 17863086.4442 -381089.89227 -4947820.28813 8343975.03076 359121.67526 ] [ 2002349.16309 -381089.89227 21207992.56254 742381.50306 -552333.77275 7794075.8632 ] [ -5652587.69592 -4947820.28813 742381.50306 28981353.98031 -4507719.75501 -2950694.52188 ] [ -1624969.98016 8343975.03076 -552333.77275 -4507719.75501 17438788.6665 3236572.83722 ] [ -2483519.60568 359121.67526 7794075.8632 -2950694.52188 3236572.83722 23191537.51215 ] ] ]

State
Pi 0.000897
A 0 0 0 0.234572 0 0.027962 0.737466 
MultiGaussianOPDF [ [ 13756.78132 -2011.32654 5729.29434 -14295.99422 -182.82033 4931.11891 ] [ [ 4412424.80691 2423616.00711 2693919.94282 -917665.48679 3674861.68682 679322.07457 ] [ 2423616.00711 32134080.46817 3122660.96487 629859.21327 13139315.66788 992957.5069 ] [ 2693919.94282 3122660.96487 20466565.34849 1437879.00939 5310559.76839 9488796.7144 ] [ -917665.48679 629859.21327 1437879.00939 5748490.22929 1371550.53653 -2261527.00076 ] [ 3674861.68682 13139315.66788 5310559.76839 1371550.53653 40472438.64739 5093330.97855 ] [ 679322.07457 992957.5069 9488796.7144 -2261527.00076 5093330.97855 29516675.21152 ] ] ]

HADOUKEN -8910.25892639211 -605.5494621350956 1 
Hmm v1.0

NbStates 7

State
Pi 0.228503
A 0.88408 0.000954 0.009094 0 0 0.103798 0.002075 
MultiGaussianOPDF [ [ 3069.77287 -5751.97765 7018.21599 -1182.7966 -673.49697 -9559.14573 ] [ [ 16053580.8072 1635262.41438 -1399777.65107 566627.43351 -860143.40393 -499598.70943 ] [ 1635262.41438 27039126.46617 2838160.24749 5608877.15233 6576994.18031 6172515.25244 ] [ -1399777.65107 2838160.24749 13505291.18622 -2604007.02112 5139574.72835 -2554645.57809 ] [ 566627.43351 5608877.15233 -2604007.02112 27924845.8229 4073796.82264 3372135.04465 ] [ -860143.40393 6576994.18031 5139574.72835 4073796.82264 28671537.69584 -861418.47942 ] [ -499598.70943 6172515.25244 -2554645.57809 3372135.04465 -861418.47942 9763695.37915 ] ] ]

State
Pi 0.331477
A 0.009896 0.939066 0.022645 0.021283 0.000869 0.000509 0.005732 
MultiGaussianOPDF [ [ 1378.10722 1011.84334 2086.53068 -1536.33288 1517.6132 1398.21909 ] [ [ 7395062.70767 -689156.22447 -2380163.1245 -412584.92035 -713595.38268 1298182.47147 ] [ -689156.22447 5506211.85947 43860.57387 -248781.54291 1738716.14226 235881.84445 ] [ -2380163.1245 43860.57387 9212211.79538 -646483.76605 1679834.01032 -1676212.71271 ] [ -412584.92035 -248781.54291 -646483.76605 6306476.28639 154338.22502 1305659.91163 ] [ -713595.38268 1738716.14226 1679834.01032 154338.22502 5887431.2735 -1254695.04522 ] [ 1298182.47147 235881.84445 -1676212.71271 1305659.91163 -1254695.04522 9108001.35357 ] ] ]

State
Pi 0.181088
A 0.008003 0.010381 0.908852 0.010171 0 0.013491 0.049102 
MultiGaussianOPDF [ [ 583.21236 3920.17561 6503.53317 3016.63492 8015.96707 -3001.08893 ] [ [ 45918726.06502 -7305113.92898 332543.74136 -19078441.94968 1398293.50187 -6019801.1374 ] [ -7305113.92898 31235643.73366 -5032051.81113 3742355.82391 1834655.35416 -2101968.09748 ] [ 332543.74136 -5032051.81113 20459354.28654 1224701.45923 2399834.40871 2127694.44933 ] [ -19078441.94968 3742355.82391 1224701.45923 26910544.05122 1184774.95995 4172917.55636 ] [ 1398293.50187 1834655.35416 2399834.40871 1184774.95995 10813959.88724 -1383975.88198 ] [ -6019801.1374 -2101968.09748 2127694.44933 4172917.55636 -1383975.88198 21769960.96287 ] ] ]

State
Pi 0.173542
A 0 0.017276 0.005007 0.882016 0.035958 0.017772 0.041971 
MultiGaussianOPDF [ [ 2817.8028 2934.67355 -3089.9832 -5558.21847 -1415.52526 2750.66255 ] [ [ 52748263.15553 -6053955.7964 -2716065.31859 -34521104.74607 -15427500.23497 -3707740.14532 ] [ -6053955.7964 58351185.60396 4475329.6269 3664941.02124 16935903.46491 17312929.28291 ] [ -2716065.31859 4475329.6269 29899555.80196 -1062186.44656 -4641971.96122 5624705.72823 ] [ -34521104.74607 3664941.02124 -1062186.44656 56697066.29735 13349656.56425 -570279.77201 ] [ -15427500.23497 16935903.46491 -4641971.96122 13349656.56425 59082663.82946 8458369.02689 ] [ -3707740.14532 17312929.28291 5624705.72823 -570279.77201 8458369.02689 38167378.54091 ] ] ]

State
Pi 0.080264
A 0 0 0 0.016006 0.912628 0 0.071367 
MultiGaussianOPDF [ [ 4054.63089 1159.08101 -9401.20883 -5101.7508 -4028.88038 11426.24226 ] [ [ 48444810.16141 -5005578.60767 5296206.15979 -24304112.98778 6877023.7608 5580569.30652 ] [ -5005578.60767 31131223.01052 -321092.85548 5613842.71195 12023688.55463 1071549.48378 ] [ 5296206.15979 -321092.85548 13813038.63689 -6807026.55895 7510934.99597 -838420.9628 ] [ -24304112.98778 5613842.71195 -6807026.55895 36632869.77859 -9138208.98954 -3117085.20186 ] [ 6877023.7608 12023688.55463 7510934.99597 -9138208.98954 35978025.52687 605958.52792 ] [ 5580569.30652 1071549.48378 -838420.9628 -3117085.20186 605958.52792 4498575.99646 ] ] ]

State
Pi 0.004374
A 0.002262 0.010335 0 0.015931 0 0.851665 0.119807 
MultiGaussianOPDF [ [ 8556.51049 -4085.82344 10992.65198 -11865.90846 375.85262 -3149.11698 ] [ [ 35552860.04816 -1429854.38526 2205691.46961 -6999194.21944 -5826807.95104 -121392.11211 ] [ -1429854.38526 45461566.59685 1680514.96078 1447237.7043 14023886.56677 -6411004.64672 ] [ 2205691.46961 1680514.96078 12071573.42951 -3370100.22007 -1164054.98898 3401004.59699 ] [ -6999194.21944 1447237.7043 -3370100.22007 11284746.85946 2915029.75072 -3599573.72342 ] [ -5826807.95104 14023886.56677 -1164054.98898 2915029.75072 41616256.86712 -13027126.05365 ] [ -121392.11211 -6411004.64672 3401004.59699 -3599573.72342 -13027126.05365 48584199.6499 ] ] ]

State
Pi 0.000753
A 0.000215 0.075032 0.001547 0.011786 0.001773 0.011277 0.89837 
MultiGaussianOPDF [ [ 9257.0022 1877.66199 8779.89112 -8879.99528 1998.3195 8626.71549 ] [ [ 26667405.98269 -4264751.74626 1314898.74012 -11209586.41179 -2613148.04521 8970931.84406 ] [ -4264751.74626 37837091.7116 786719.13623 580197.29267 1394505.68335 -3372972.08946 ] [ 1314898.74012 786719.13623 22050842.66476 -2979833.4157 1164279.71822 3810995.94884 ] [ -11209586.41179 580197.29267 -2979833.4157 30699669.38476 -904949.82546 -6692847.01795 ] [ -2613148.04521 1394505.68335 1164279.71822 -904949.82546 31925720.82325 -705012.23485 ] [ 8970931.84406 -3372972.08946 3810995.94884 -6692847.01795 -705012.23485 22501908.31876 ] ] ]

DOUBLE_LARIAT -8965.097514861793 -1832.0008137522846 1 
Hmm v1.0

NbStates 7

State
Pi 0.306516
A 0.958331 0.006194 0.005706 0 0.020226 0 0.009544 
MultiGaussianOPDF [ [ 7122.96844 2220.87735 5695.03565 -8670.74484 -3381.1587 6238.76219 ] [ [ 37488211.25027 -586666.41319 10279404.58792 -9162223.75119 3595283.31093 1578043.59079 ] [ -586666.41319 22315045.28015 -4161993.93284 6479606.84292 -9518040.18498 744648.89398 ] [ 10279404.58792 -4161993.93284 13711237.74745 -5466726.83823 4970463.72985 2453687.77584 ] [ -9162223.75119 6479606.84292 -5466726.83823 31710938.65281 -8809795.70414 -6170806.55311 ] [ 3595283.31093 -9518040.18498 4970463.72985 -8809795.70414 22264529.24799 1804633.59766 ] [ 1578043.59079 744648.89398 2453687.77584 -6170806.55311 1804633.59766 9103644.45004 ] ] ]

State
Pi 0.061731
A 0.007167 0.969922 0.007419 0.001155 0.007663 0 0.006673 
MultiGaussianOPDF [ [ 9116.30245 5753.617 3630.22712 -9729.51435 5847.8704 7138.3118 ] [ [ 28496872.50979 -4047114.72182 -11168745.57823 -20770802.7519 1090979.5446 -2919809.46271 ] [ -4047114.72182 13774627.74042 6111287.93777 1744580.45732 -60635.71516 8946420.05729 ] [ -11168745.57823 6111287.93777 32998315.32834 1023646.91661 12500001.50227 8461578.41984 ] [ -20770802.7519 1744580.45732 1023646.91661 29077139.15915 -5010837.67295 2066916.63681 ] [ 1090979.5446 -60635.71516 12500001.50227 -5010837.67295 19854434.39128 2015269.61721 ] [ -2919809.46271 8946420.05729 8461578.41984 2066916.63681 2015269.61721 19279507.66532 ] ] ]

State
Pi 0.46756
A 0.013186 0.006682 0.932749 0 0.047383 0 0 
MultiGaussianOPDF [ [ 4891.77738 -4466.18624 4369.45554 -6641.73532 5088.25225 1289.78527 ] [ [ 25895616.47999 -2332497.30696 -7323867.78606 -9476931.05496 -2768296.59865 -2188620.37217 ] [ -2332497.30696 19806638.84733 2975122.54302 3064640.63858 -5346480.96493 -4562683.49463 ] [ -7323867.78606 2975122.54302 15551328.9147 1198588.33203 3971298.2798 -2207136.75021 ] [ -9476931.05496 3064640.63858 1198588.33203 14278116.64344 1473516.31173 2548477.83036 ] [ -2768296.59865 -5346480.96493 3971298.2798 1473516.31173 11415581.70797 -673981.30424 ] [ -2188620.37217 -4562683.49463 -2207136.75021 2548477.83036 -673981.30424 15617041.40316 ] ] ]

State
Pi 0.008318
A 0 0.000668 0 0.969578 0.025054 0 0.0047 
MultiGaussianOPDF [ [ 14728.67595 -1906.27865 -1885.91348 -15490.81112 -2888.23821 -371.30438 ] [ [ 894957.10952 284893.88456 1016989.16237 -204413.15188 695616.89983 -54067.06087 ] [ 284893.88456 10082373.0796 2970528.57649 -147715.72053 988533.84826 676960.30709 ] [ 1016989.16237 2970528.57649 18071000.35553 -256087.8003 4152720.33345 6863324.30104 ] [ -204413.15188 -147715.72053 -256087.8003 747536.76991 -32408.79356 -946020.10985 ] [ 695616.89983 988533.84826 4152720.33345 -32408.79356 12015070.21396 315965.82351 ] [ -54067.06087 676960.30709 6863324.30104 -946020.10985 315965.82351 16373122.99791 ] ] ]

State
Pi 0.12642
A 0.010724 0.004182 0.008099 0.049941 0.904208 0 0.022845 
MultiGaussianOPDF [ [ 12923.63952 -652.82976 975.73123 -14456.08692 -1106.09011 -1206.04698 ] [ [ 10755549.39511 1536184.06558 -1216930.07182 384311.3026 2762359.46864 -7334075.51139 ] [ 1536184.06558 58484519.15082 10943518.612 -855538.17373 -6669556.6847 -7174760.19917 ] [ -1216930.07182 10943518.612 55944289.72098 -864321.2887 2505514.70933 11416247.26977 ] [ 384311.3026 -855538.17373 -864321.2887 3476046.23761 672076.64875 414511.1383 ] [ 2762359.46864 -6669556.6847 2505514.70933 672076.64875 42376896.02758 -960299.80507 ] [ -7334075.51139 -7174760.19917 11416247.26977 414511.1383 -960299.80507 42203535.68406 ] ] ]

State
Pi 0.029455
A 0 0 0 0 0 1 0 
MultiGaussianOPDF [ [ -9656.54371 2556.61532 -2491.34804 9234.87011 2914.4821 -4130.69442 ] [ [ 22474024.8326 -4858526.42731 3676948.42275 -13617423.64931 -2923477.8353 4347009.30686 ] [ -4858526.42731 16655768.17176 -24218.26961 2393861.71523 -5460321.24918 -3157807.96655 ] [ 3676948.42275 -24218.26961 10593370.43673 -4978327.92864 -1791144.85719 4270744.54016 ] [ -13617423.64931 2393861.71523 -4978327.92864 20021648.04974 3136096.96104 -4889216.33749 ] [ -2923477.8353 -5460321.24918 -1791144.85719 3136096.96104 18281393.92662 -2377349.26222 ] [ 4347009.30686 -3157807.96655 4270744.54016 -4889216.33749 -2377349.26222 7989355.20637 ] ] ]

State
Pi 0
A 0.014189 0.008298 0 0.005584 0.014076 0 0.957853 
MultiGaussianOPDF [ [ 16564.91075 930.37615 8579.45441 -16851.36368 -1139.28767 8419.04238 ] [ [ 1161019.72234 602372.27284 2420438.74962 -89554.42242 787051.89131 127590.41043 ] [ 602372.27284 56036718.11658 2913476.49519 78895.24603 27656664.76144 4397963.22298 ] [ 2420438.74962 2913476.49519 21096013.25455 -115179.26645 5830684.90028 -747695.76261 ] [ -89554.42242 78895.24603 -115179.26645 828490.98454 -700249.25808 -1345365.78127 ] [ 787051.89131 27656664.76144 5830684.90028 -700249.25808 56613724.81232 1744883.34595 ] [ 127590.41043 4397963.22298 -747695.76261 -1345365.78127 1744883.34595 21033518.7341 ] ] ]

RINGMASTER_DRUM -12574.022780069496 -1181.5710391547836 1 
Hmm v1.0

NbStates 7

State
Pi 0.041295
A 0.801223 0.005743 0 0.105951 0.04263 0.044453 0 
MultiGaussianOPDF [ [ 3903.44416 1479.87183 12100.69477 -13046.01906 -10053.44752 -10818.72643 ] [ [ 63550465.08556 -4464486.21275 -463250.67323 4065244.98479 -8354967.612 -2646222.49344 ] [ -4464486.21275 49325794.19554 -376298.558 -1743676.3652 -2741152.85257 3529658.9297 ] [ -463250.67323 -376298.558 2673104.21304 -584294.48178 -928550.06131 -1047737.15696 ] [ 4065244.98479 -1743676.3652 -584294.48178 20506438.59277 7980181.50436 2119509.41807 ] [ -8354967.612 -2741152.85257 -928550.06131 7980181.50436 29187507.96386 10159331.26379 ] [ -2646222.49344 3529658.9297 -1047737.15696 2119509.41807 10159331.26379 37881365.92336 ] ] ]

State
Pi 0.062237
A 0.089967 0.763745 0.007685 0.044961 0.043743 0.038619 0.011281 
MultiGaussianOPDF [ [ 12947.85753 1753.76471 509.49008 -7213.65521 -10029.39043 2361.57036 ] [ [ 9356024.86853 175978.50768 -8868415.21334 2648808.9746 2770478.23677 4604054.82773 ] [ 175978.50768 74545762.15203 -998655.62886 1312866.90503 -4538734.39088 -8841073.78371 ] [ -8868415.21334 -998655.62886 71543708.40932 3567603.40162 -7220512.04345 -12168109.82544 ] [ 2648808.9746 1312866.90503 3567603.40162 78656309.54337 6864379.6394 19905556.01762 ] [ 2770478.23677 -4538734.39088 -7220512.04345 6864379.6394 30610382.26523 11186447.88723 ] [ 4604054.82773 -8841073.78371 -12168109.82544 19905556.01762 11186447.88723 66883075.91587 ] ] ]

State
Pi 0.124122
A 0 0.02658 0.918204 0.003725 0.026966 0.014525 0.009999 
MultiGaussianOPDF [ [ -6823.37127 -3872.55252 -1309.67425 7459.67209 -3365.51573 -723.87168 ] [ [ 60880227.18598 1275179.17953 -17011770.01572 -13283902.05767 -1017867.35119 25623244.56296 ] [ 1275179.17953 53569007.54304 -13392705.38121 -4321873.67887 -3106395.69062 2463656.21924 ] [ -17011770.01572 -13392705.38121 95346033.49924 -18962744.31675 20997863.79169 -22608408.52371 ] [ -13283902.05767 -4321873.67887 -18962744.31675 53945870.23496 -7618459.67505 7481820.25812 ] [ -1017867.35119 -3106395.69062 20997863.79169 -7618459.67505 53665189.485 -26104875.55602 ] [ 25623244.56296 2463656.21924 -22608408.52371 7481820.25812 -26104875.55602 92720155.34853 ] ] ]

State
Pi 0.33894
A 0.061066 0.033362 0.006527 0.747635 0.034817 0.014048 0.102545 
MultiGaussianOPDF [ [ 6180.95875 649.74579 6305.43479 -5736.07943 2706.22854 7364.10237 ] [ [ 46076108.18081 -11157877.91479 -11205204.55268 -14795909.36766 12584487.89518 2451203.46749 ] [ -11157877.91479 52340921.53829 8138760.09077 -8749823.65242 -5566021.14852 -3315882.65165 ] [ -11205204.55268 8138760.09077 29341431.85848 -4940867.47534 -5068867.51775 4881692.86088 ] [ -14795909.36766 -8749823.65242 -4940867.47534 52372404.00939 11734253.73608 5286499.50577 ] [ 12584487.89518 -5566021.14852 -5068867.51775 11734253.73608 49044507.45255 9186663.66078 ] [ 2451203.46749 -3315882.65165 4881692.86088 5286499.50577 9186663.66078 22486314.69044 ] ] ]

State
Pi 0.340159
A 0.063694 0.030421 0.00465 0.03453 0.792151 0.037066 0.037487 
MultiGaussianOPDF [ [ 6573.96738 -2497.42856 -4855.85783 -10754.30014 -4349.8433 -4131.02866 ] [ [ 51303777.1618 -15449524.68664 -1784191.94033 -11152501.02334 2300645.9247 -2386228.63891 ] [ -15449524.68664 50651155.0568 8764016.13629 2707210.71229 17940177.29846 -4940400.83538 ] [ -1784191.94033 8764016.13629 58287738.46 -4804386.99167 -2414332.44637 -18397001.63193 ] [ -11152501.02334 2707210.71229 -4804386.99167 23337756.95386 8695548.69789 8831235.70705 ] [ 2300645.9247 17940177.29846 -2414332.44637 8695548.69789 59525447.06993 20997128.99658 ] [ -2386228.63891 -4940400.83538 -18397001.63193 8831235.70705 20997128.99658 65652830.35382 ] ] ]

State
Pi 0.03894
A 0.016797 0.047042 0.015012 0.058585 0.040176 0.754045 0.068343 
MultiGaussianOPDF [ [ 4235.47232 -9940.14894 3739.57939 -13804.85429 2958.16671 2394.6652 ] [ [ 73647006.30958 -2066104.56763 -6834713.00958 -1852542.09812 7752869.68745 -17840893.08461 ] [ -2066104.56763 29063395.07846 1237452.87266 -1452634.14227 -3487070.04465 -5527315.80118 ] [ -6834713.00958 1237452.87266 61147565.15664 -4223103.53832 -12443214.97088 -14166210.65992 ] [ -1852542.09812 -1452634.14227 -4223103.53832 7401299.81082 2087571.1058 9833041.72568 ] [ 7752869.68745 -3487070.04465 -12443214.97088 2087571.1058 48554419.49183 3658426.86771 ] [ -17840893.08461 -5527315.80118 -14166210.65992 9833041.72568 3658426.86771 76639763.29333 ] ] ]

State
Pi 0.054306
A 0 0.061502 0.003247 0.067185 0.064008 0.010605 0.793453 
MultiGaussianOPDF [ [ 10819.35889 -7122.88631 -11070.41507 -3603.13019 5208.53062 12477.35608 ] [ [ 26961920.43292 -3553272.4646 -5228710.74501 6073684.08069 786208.89364 549661.24225 ] [ -3553272.4646 36456069.38594 3124179.96284 7094162.77435 -4611257.52559 -820288.78353 ] [ -5228710.74501 3124179.96284 33089102.21441 4110740.97833 1134272.26835 -1320101.4261 ] [ 6073684.08069 7094162.77435 4110740.97833 76719208.32867 2231526.65545 -1276396.13592 ] [ 786208.89364 -4611257.52559 1134272.26835 2231526.65545 34114110.97528 879969.16783 ] [ 549661.24225 -820288.78353 -1320101.4261 -1276396.13592 879969.16783 1912065.48089 ] ] ]

RINGMASTER_LEFT_HALF_RING -4034.9742620285265 -236.38406196443216 1 
Hmm v1.0

NbStates 5

State
Pi 0.022287
A 0.901716 0.001592 0 0 0.096692 
MultiGaussianOPDF [ [ 14978.01462 4344.30345 -12959.02022 ] [ [ 10535373.50689 -2574912.39551 -454496.98906 ] [ -2574912.39551 44632757.39033 46399.23369 ] [ -454496.98906 46399.23369 2645647.20487 ] ] ]

State
Pi 0.404427
A 0.107159 0.869767 0.000359 0.008257 0.014458 
MultiGaussianOPDF [ [ 2305.60693 5083.91076 -10686.12889 ] [ [ 30628808.34377 -1022688.89713 1888348.01232 ] [ -1022688.89713 22278166.33251 -1631558.10769 ] [ 1888348.01232 -1631558.10769 7749598.02209 ] ] ]

State
Pi 0.13719
A 0 0.040809 0.910439 0.014412 0.03434 
MultiGaussianOPDF [ [ 374.76301 5274.38823 5146.19475 ] [ [ 111861170.87803 46144523.20212 -7790396.0957 ] [ 46144523.20212 54598173.24849 -11781911.52001 ] [ -7790396.0957 -11781911.52001 46452422.3508 ] ] ]

State
Pi 0.398329
A 0 0.033944 0.012043 0.950749 0.003264 
MultiGaussianOPDF [ [ 624.51233 58.28337 367.19482 ] [ [ 13883535.61269 -717787.37206 -1289629.10777 ] [ -717787.37206 6070379.66428 -4976621.97724 ] [ -1289629.10777 -4976621.97724 11444659.42808 ] ] ]

State
Pi 0.037767
A 0.003707 0.001281 0.006878 0.051691 0.936443 
MultiGaussianOPDF [ [ 13356.76548 -515.83946 489.40462 ] [ [ 16505416.99081 -1395589.51559 -4808974.69508 ] [ -1395589.51559 36028616.12306 -20437255.01542 ] [ -4808974.69508 -20437255.01542 39644344.2726 ] ] ]

RINGMASTER_LEFT_JAB -4455.305598201213 -212.21146266381916 1 
Hmm v1.0

NbStates 5

State
Pi 0.217854
A 0.833307 0.010931 0.00776 0.148002 0 
MultiGaussianOPDF [ [ -10501.78641 3513.70879 49.3967 ] [ [ 7367576.92808 -2383936.033 -3467216.40323 ] [ -2383936.033 15365361.4386 -2423292.60974 ] [ -3467216.40323 -2423292.60974 12990351.58837 ] ] ]

State
Pi 0.073854
A 0.000001 0.914138 0.016352 0.004811 0.064698 
MultiGaussianOPDF [ [ 2218.17619 -471.80868 3735.33665 ] [ [ 7009624.55445 211640.15901 -858916.05447 ] [ 211640.15901 10899958.90106 559444.45213 ] [ -858916.05447 559444.45213 8879228.90224 ] ] ]

State
Pi 0.634736
A 0.112883 0.02649 0.840254 0.020374 0 
MultiGaussianOPDF [ [ -5824.97234 4734.26105 3563.11771 ] [ [ 11099497.88511 -3075310.51338 -5901056.46798 ] [ -3075310.51338 12755238.06353 2192951.69725 ] [ -5901056.46798 2192951.69725 14510976.87682 ] ] ]

State
Pi 0.06091
A 0.003478 0.003583 0.004301 0.736897 0.251742 
MultiGaussianOPDF [ [ -5026.84054 -4630.16997 -437.36334 ] [ [ 37764569.67182 1695799.07372 -1356460.97143 ] [ 1695799.07372 41084321.14715 -23278712.23882 ] [ -1356460.97143 -23278712.23882 45639277.35813 ] ] ]

State
Pi 0.012646
A 0.000792 0.067433 0.001619 0.014796 0.91536 
MultiGaussianOPDF [ [ 11539.09211 35.89224 2828.53244 ] [ [ 11698935.80191 1430934.91825 4127171.01177 ] [ 1430934.91825 48573157.76001 -2450373.28263 ] [ 4127171.01177 -2450373.28263 32594210.53234 ] ] ]

LEFT_ONE_HUNDRED_HAND_SLAP -6178.056765073874 -794.4629026703958 1 
Hmm v1.0

NbStates 5

State
Pi 0.169816
A 0.578955 0.061072 0.098119 0.105987 0.155867 
MultiGaussianOPDF [ [ 7854.47078 -3386.30629 4553.3219 ] [ [ 39308835.97183 2334200.94797 -13947300.62239 ] [ 2334200.94797 40233692.08927 -897200.36967 ] [ -13947300.62239 -897200.36967 16100769.806 ] ] ]

State
Pi 0.385066
A 0.090495 0.864468 0.010727 0.002475 0.031835 
MultiGaussianOPDF [ [ -345.7616 -909.19681 -2801.17656 ] [ [ 86774124.45665 34805145.81944 -32495697.88608 ] [ 34805145.81944 72293567.75826 2629449.55283 ] [ -32495697.88608 2629449.55283 64897459.84472 ] ] ]

State
Pi 0.143105
A 0.100736 0.010925 0.854814 0.033526 0 
MultiGaussianOPDF [ [ -7161.40218 1248.9112 12500.08895 ] [ [ 31727037.41187 -468433.10304 -1317041.73128 ] [ -468433.10304 36403944.94079 946855.17792 ] [ -1317041.73128 946855.17792 1061212.1513 ] ] ]

State
Pi 0.238667
A 0.170076 0.015733 0.012719 0.801291 0.000182 
MultiGaussianOPDF [ [ 11357.67336 558.0312 11534.16854 ] [ [ 15962015.72758 749532.75011 -3443143.8334 ] [ 749532.75011 54247323.42629 -1063984.70614 ] [ -3443143.8334 -1063984.70614 4858313.7974 ] ] ]

State
Pi 0.063346
A 0.142691 0.023453 0 0.000089 0.833766 
MultiGaussianOPDF [ [ 14192.42804 -8196.1699 -9771.63876 ] [ [ 14312033.66776 -3057724.71327 -4765842.7802 ] [ -3057724.71327 27515621.15693 8893544.60493 ] [ -4765842.7802 8893544.60493 25483988.13308 ] ] ]

YMCA -11658.585950258754 -2504.4802835263763 1 
Hmm v1.0

NbStates 7

State
Pi 0.012027
A 0.924822 0.002137 0.001348 0.006637 0.028438 0.033749 0.002869 
MultiGaussianOPDF [ [ 7286.90511 -699.31902 2538.44926 1402.6133 -249.82595 1508.02742 ] [ [ 20510240.81838 1261971.51682 -5304629.1361 -4370784.9134 3123374.11527 -6838322.33796 ] [ 1261971.51682 6351915.16511 -1674100.06039 -31881.10698 985373.83085 -1011942.83996 ] [ -5304629.1361 -1674100.06039 16551286.76721 4137450.98463 -1323321.00679 4664290.85119 ] [ -4370784.9134 -31881.10698 4137450.98463 7631498.5426 -553390.2834 2412738.22123 ] [ 3123374.11527 985373.83085 -1323321.00679 -553390.2834 3311960.23542 -825239.14505 ] [ -6838322.33796 -1011942.83996 4664290.85119 2412738.22123 -825239.14505 14987898.7869 ] ] ]

State
Pi 0.061558
A 0.001132 0.923813 0 0.012603 0.008252 0.000204 0.053995 
MultiGaussianOPDF [ [ 2152.55457 3828.92215 -6692.56181 -2929.36907 2895.78871 -7285.51251 ] [ [ 29509451.29929 12062927.36557 -11183750.40452 -26102898.88304 10362392.93019 -11631138.24781 ] [ 12062927.36557 28861040.27552 -11473060.84801 -13210158.29473 22256357.64294 -11426738.23166 ] [ -11183750.40452 -11473060.84801 22510240.85109 10928154.75973 -7400411.05665 18728997.29411 ] [ -26102898.88304 -13210158.29473 10928154.75973 33678362.16499 -10121950.05893 11444727.75418 ] [ 10362392.93019 22256357.64294 -7400411.05665 -10121950.05893 26601340.85628 -9933047.45103 ] [ -11631138.24781 -11426738.23166 18728997.29411 11444727.75418 -9933047.45103 22276506.59622 ] ] ]

State
Pi 0.187311
A 0.033969 0 0.910852 0.013065 0.008705 0 0.033409 
MultiGaussianOPDF [ [ 3831.06331 -3347.05752 5132.7783 -5089.3248 -2759.87283 5426.59217 ] [ [ 12715865.49154 -4638172.07387 -3139708.93738 -10213310.47479 -5072081.68543 -3213731.85537 ] [ -4638172.07387 11396731.73462 -1385212.7474 3955622.88148 7784003.06069 -1371422.62035 ] [ -3139708.93738 -1385212.7474 15281704.19544 4693694.94818 1057851.98517 12742720.06538 ] [ -10213310.47479 3955622.88148 4693694.94818 14633523.57405 5000844.98104 4974425.12222 ] [ -5072081.68543 7784003.06069 1057851.98517 5000844.98104 9191681.80099 340302.79121 ] [ -3213731.85537 -1371422.62035 12742720.06538 4974425.12222 340302.79121 17399641.96637 ] ] ]

State
Pi 0.108753
A 0.005499 0.011919 0.009279 0.953998 0.009319 0.004954 0.005034 
MultiGaussianOPDF [ [ 497.11122 -907.84494 2697.45463 -4053.26691 -1097.73901 -2817.72633 ] [ [ 42520835.0684 1164387.96513 4987046.39548 5351662.27454 -1387082.35711 -8855109.56373 ] [ 1164387.96513 20240253.6823 -4563669.63812 -1803378.57348 2253573.79976 -4326169.63458 ] [ 4987046.39548 -4563669.63812 36635951.17272 2483410.92994 -2468717.66937 152420.4651 ] [ 5351662.27454 -1803378.57348 2483410.92994 83222025.25314 -2188234.45286 1649176.31801 ] [ -1387082.35711 2253573.79976 -2468717.66937 -2188234.45286 27099732.17845 -4514793.71641 ] [ -8855109.56373 -4326169.63458 152420.4651 1649176.31801 -4514793.71641 68301979.27495 ] ] ]

State
Pi 0.031428
A 0.01478 0.01514 0.008276 0.006198 0.950448 0.005158 0 
MultiGaussianOPDF [ [ -3123.33292 812.23484 567.13622 2208.25403 -465.37492 1690.01444 ] [ [ 14346150.15368 -9253376.63064 9581422.93811 922197.63831 197374.95187 -3657677.37919 ] [ -9253376.63064 17641739.18529 -17967959.28375 -1060263.50962 1057670.60671 1307251.794 ] [ 9581422.93811 -17967959.28375 29922420.81205 1565391.97548 -203829.06983 -1436279.593 ] [ 922197.63831 -1060263.50962 1565391.97548 3217432.13089 75062.62821 -899814.3132 ] [ 197374.95187 1057670.60671 -203829.06983 75062.62821 1784959.97374 -522501.73957 ] [ -3657677.37919 1307251.794 -1436279.593 -899814.3132 -522501.73957 6463644.62593 ] ] ]

State
Pi 0
A 0.048389 0.003384 0 0.006865 0.005961 0.933876 0.001525 
MultiGaussianOPDF [ [ 7394.4752 2679.61722 -10537.82823 -3682.41281 -8.83529 5770.09784 ] [ [ 43955919.94622 715530.7826 1601030.65974 -2154020.27977 3578707.20233 -2941550.70907 ] [ 715530.7826 28715986.39579 -4299219.71914 -342801.57217 -649127.91391 4410924.39581 ] [ 1601030.65974 -4299219.71914 7626284.55291 2826842.53114 1445815.70935 -3960759.93255 ] [ -2154020.27977 -342801.57217 2826842.53114 18927278.80031 4143108.92804 -8784782.31726 ] [ 3578707.20233 -649127.91391 1445815.70935 4143108.92804 8092541.43393 -3648264.80246 ] [ -2941550.70907 4410924.39581 -3960759.93255 -8784782.31726 -3648264.80246 19468391.16813 ] ] ]

State
Pi 0.598922
A 0 0.050199 0.090617 0.017438 0 0.005996 0.83575 
MultiGaussianOPDF [ [ 9949.05303 1887.0022 2303.50712 -11624.31449 1099.09462 1859.90925 ] [ [ 22994100.13948 -1232757.09214 -449319.75137 -18445244.78154 -4370871.94055 -1348644.2538 ] [ -1232757.09214 41255018.29427 5190759.67487 3042470.07811 33937543.69854 5984249.85012 ] [ -449319.75137 5190759.67487 30380021.3212 -305678.83496 8002077.63729 21783789.90832 ] [ -18445244.78154 3042470.07811 -305678.83496 23136206.41497 4624445.82038 1638332.25581 ] [ -4370871.94055 33937543.69854 8002077.63729 4624445.82038 41714541.67638 6719189.89253 ] [ -1348644.2538 5984249.85012 21783789.90832 1638332.25581 6719189.89253 36367486.98281 ] ] ]

RINGMASTER_LEFT_CIRCLE -4091.252414634239 -747.8588490381017 1 
Hmm v1.0

NbStates 5

State
Pi 0.412743
A 0.872872 0.080195 0 0.025693 0.021241 
MultiGaussianOPDF [ [ 11047.53723 5155.40004 -5123.10383 ] [ [ 17672725.03548 -3771854.40832 -2731019.31866 ] [ -3771854.40832 26944240.78716 6869033.60093 ] [ -2731019.31866 6869033.60093 23055385.43645 ] ] ]

State
Pi 0.163627
A 0.019832 0.860948 0.06362 0.0556 0 
MultiGaussianOPDF [ [ 9554.76708 8566.67095 8626.15037 ] [ [ 31142985.30457 -357153.70298 -2457117.1891 ] [ -357153.70298 14403388.87238 -2254209.87976 ] [ -2457117.1891 -2254209.87976 14890818.25022 ] ] ]

State
Pi 0.189396
A 0.000431 0.009987 0.91575 0.010717 0.063115 
MultiGaussianOPDF [ [ -141.01691 -6487.29798 5664.43596 ] [ [ 73943473.41379 -2397597.18118 36610723.97738 ] [ -2397597.18118 34371667.59456 1827571.90512 ] [ 36610723.97738 1827571.90512 44696114.12215 ] ] ]

State
Pi 0.06818
A 0.016671 0.012266 0.013077 0.91025 0.047736 
MultiGaussianOPDF [ [ 15254.70955 -5606.95463 4206.6411 ] [ [ 5344301.36097 -64214.67022 1350417.06839 ] [ -64214.67022 29093550.08513 3205950.44529 ] [ 1350417.06839 3205950.44529 26486920.66395 ] ] ]

State
Pi 0.166054
A 0.041868 0 0.008335 0.016536 0.933261 
MultiGaussianOPDF [ [ 6437.99475 -7291.25731 -2664.34556 ] [ [ 17222471.13455 -6391528.80824 -5257445.77556 ] [ -6391528.80824 18241382.93555 5448879.86532 ] [ -5257445.77556 5448879.86532 20895390.92924 ] ] ]

PSYCHO_CRUSHER -9202.19672306221 -1690.5128358309048 1 
Hmm v1.0

NbStates 7

State
Pi 0.014495
A 0.919599 0 0.023482 0 0.009638 0.035739 0.011541 
MultiGaussianOPDF [ [ 7714.08723 3269.9651 11012.59613 -6923.12503 7071.52363 3851.05027 ] [ [ 29961959.91726 -9850885.17153 -1104075.05937 -13335854.02247 3302886.58779 -6025885.09706 ] [ -9850885.17153 43594798.62448 -1597539.49909 15315390.14883 1031570.34152 5839749.99994 ] [ -1104075.05937 -1597539.49909 10387378.16331 886975.2759 2556547.61135 5593761.49017 ] [ -13335854.02247 15315390.14883 886975.2759 43742043.38196 -6577059.94918 8725675.4879 ] [ 3302886.58779 1031570.34152 2556547.61135 -6577059.94918 25996613.75374 191776.52255 ] [ -6025885.09706 5839749.99994 5593761.49017 8725675.4879 191776.52255 55647599.51557 ] ] ]

State
Pi 0.109164
A 0.000002 0.92981 0.013973 0.014487 0.02353 0.005215 0.012984 
MultiGaussianOPDF [ [ -1076.26425 1145.43486 -554.39369 730.70399 1034.42939 1199.96744 ] [ [ 5938209.6162 -414262.71952 -2644360.81226 -1242666.27813 -516433.39524 1011271.9329 ] [ -414262.71952 12532542.72117 2720738.82566 229190.05068 1158720.54545 2299871.15753 ] [ -2644360.81226 2720738.82566 11097815.53039 2487425.43718 6203220.50481 -2712879.10353 ] [ -1242666.27813 229190.05068 2487425.43718 6014382.07828 809829.87444 -2090930.41058 ] [ -516433.39524 1158720.54545 6203220.50481 809829.87444 9916298.19043 -2933663.70917 ] [ 1011271.9329 2299871.15753 -2712879.10353 -2090930.41058 -2933663.70917 10668636.81597 ] ] ]

State
Pi 0.106079
A 0.008911 0.012122 0.946635 0.004808 0.001783 0.01449 0.011251 
MultiGaussianOPDF [ [ -723.09223 1315.07294 952.85632 -1643.3689 3515.61365 -7309.21003 ] [ [ 15157261.57262 -6599650.02021 68504.78787 -3626427.79169 -4033064.6913 -129762.07797 ] [ -6599650.02021 32427055.26322 -2055812.32506 -5612682.38296 1616038.96098 785934.83397 ] [ 68504.78787 -2055812.32506 25093689.89226 -3210948.16024 -1957765.79449 -3668489.9718 ] [ -3626427.79169 -5612682.38296 -3210948.16024 23029660.7396 1049757.76001 440774.28 ] [ -4033064.6913 1616038.96098 -1957765.79449 1049757.76001 22832763.73972 3593692.72793 ] [ -129762.07797 785934.83397 -3668489.9718 440774.28 3593692.72793 11005329.7494 ] ] ]

State
Pi 0.372911
A 0 0.023449 0.002592 0.903151 0.00181 0.035251 0.033747 
MultiGaussianOPDF [ [ -4287.05487 3773.23356 -2182.24885 3883.59773 4535.78146 3806.42019 ] [ [ 17639347.63455 1568825.50828 -8383932.33532 -11058173.95782 -497930.25778 6397305.03472 ] [ 1568825.50828 17263475.55377 1441386.36338 1915562.18935 3020038.77022 849166.50964 ] [ -8383932.33532 1441386.36338 17772784.01722 5747401.03326 4699637.04684 -4294444.04403 ] [ -11058173.95782 1915562.18935 5747401.03326 20146333.02845 248280.2931 -7515865.92728 ] [ -497930.25778 3020038.77022 4699637.04684 248280.2931 13574450.38941 -2460252.94126 ] [ 6397305.03472 849166.50964 -4294444.04403 -7515865.92728 -2460252.94126 16253872.575 ] ] ]

State
Pi 0.248196
A 0.011895 0.014986 0.00292 0 0.939768 0.021306 0.009124 
