23
SUMO_HEADBUTT 0
RIGHT_SHORYUKEN 0
LEFT_JAB 1
Hmm v1.0

NbStates 4

State
Pi 0.24148
A 0.882352 0 0.117648 0 
MultiGaussianOPDF [ [ 7946.94731 1375.25765 1071.89409 ] [ [ 2885182.9167 -836736.04404 534268.30803 ] [ -836736.04404 6061326.32734 -1505033.99054 ] [ 534268.30803 -1505033.99054 4232696.30145 ] ] ]

State
Pi 0.710269
A 0.04169 0.901466 0.056843 0 
MultiGaussianOPDF [ [ 5110.16547 2155.71011 2811.67512 ] [ [ 1545562.71731 -412518.60021 708370.43601 ] [ -412518.60021 1588490.93324 -308842.98847 ] [ 708370.43601 -308842.98847 1388659.08085 ] ] ]

State
Pi 0.048251
A 0 0.010083 0.676278 0.313639 
MultiGaussianOPDF [ [ 2434.18098 321.16605 1454.21883 ] [ [ 5866858.40561 -1979907.6056 1037475.16815 ] [ -1979907.6056 3207259.09696 412078.98687 ] [ 1037475.16815 412078.98687 6111497.81555 ] ] ]

State
Pi 0
A 0 0 0 1 
MultiGaussianOPDF [ [ -5989.56661 -1945.06152 1340.76525 ] [ [ 21236198.6624 915432.5878 -2722926.56684 ] [ 915432.5878 3747250.1787 1307195.4422 ] [ -2722926.56684 1307195.4422 3188156.72002 ] ] ]

LEFT_CHOP 1
Hmm v1.0

NbStates 4

State
Pi 0.935227
A 0.867139 0.132861 0 0 
MultiGaussianOPDF [ [ 1811.62731 -3569.70423 -253.24783 ] [ [ 3074513.66646 3637661.76071 759214.48736 ] [ 3637661.76071 21265869.76783 -255068.56799 ] [ 759214.48736 -255068.56799 1047298.90887 ] ] ]

State
Pi 0.064773
A 0 0.720861 0.279139 0 
MultiGaussianOPDF [ [ -1134.50531 -9584.89347 -3241.56457 ] [ [ 13358322.40081 8632705.10855 1598085.05975 ] [ 8632705.10855 15814690.82313 2742013.74706 ] [ 1598085.05975 2742013.74706 3181282.24822 ] ] ]

State
Pi 0
A 0 0 0.764177 0.235823 
MultiGaussianOPDF [ [ -9411.24558 -7100.90972 -5571.13031 ] [ [ 11308056.56626 -3084446.35657 1900838.49843 ] [ -3084446.35657 13237242.51646 6634985.10727 ] [ 1900838.49843 6634985.10727 9212502.74949 ] ] ]

State
Pi 0
A 0 0 0 1 
MultiGaussianOPDF [ [ -16717.86716 4681.31196 -5545.57089 ] [ [ 23344701.73892 719964.2313 5171247.27954 ] [ 719964.2313 43423104.29897 6553739.03478 ] [ 5171247.27954 6553739.03478 5233778.92119 ] ] ]

RIGHT_ONE_HUNDRED_HAND_SLAP 0
RIGHT_HOOK 0
NYAN_CAT 0
LEFT_ONE_HUNDRED_HAND_SLAP 0
LEFT_UPPERCUT 1
Hmm v1.0

NbStates 4

State
Pi 0.738849
A 0.841635 0 0.158365 0 
MultiGaussianOPDF [ [ 1957.1283 2569.87118 -7239.02502 ] [ [ 3416458.22306 554042.63024 -512798.80959 ] [ 554042.63024 1458528.36775 -1871106.67422 ] [ -512798.80959 -1871106.67422 6140299.97834 ] ] ]

State
Pi 0.005319
A 0.004362 0.995638 0 0 
MultiGaussianOPDF [ [ -6816.01785 2253.83782 -14253.36561 ] [ [ 7740200.23755 -214468.83544 -3223822.64284 ] [ -214468.83544 2927645.99768 -3821720.9155 ] [ -3223822.64284 -3821720.9155 23932827.94569 ] ] ]

State
Pi 0.255832
A 0 0 0.805829 0.194171 
MultiGaussianOPDF [ [ 4888.46058 6053.05161 -12945.04196 ] [ [ 6582937.76189 -458846.1133 -920306.32739 ] [ -458846.1133 7874180.50535 -2592310.89652 ] [ -920306.32739 -2592310.89652 11758318.85563 ] ] ]

State
Pi 0
A 0.000873 0.1811 0 0.818027 
MultiGaussianOPDF [ [ -2986.19067 5782.13881 -20714.86982 ] [ [ 26911287.75685 -1247423.00415 2590076.43262 ] [ -1247423.00415 6281149.96721 -1366008.55606 ] [ 2590076.43262 -1366008.55606 15709466.62333 ] ] ]

LEFT_BLOCK 0
LEFT_HOOK 1
Hmm v1.0

NbStates 4

State
Pi 0.24605
A 0.823017 0.025335 0.151648 0 
MultiGaussianOPDF [ [ 5606.05707 4855.82061 -6900.01606 ] [ [ 6075418.47036 527980.10422 2968730.15691 ] [ 527980.10422 1392436.41161 2233033.36841 ] [ 2968730.15691 2233033.36841 14847464.7202 ] ] ]

State
Pi 0.75395
A 0 0.835361 0.164639 0 
MultiGaussianOPDF [ [ 1707.90871 7083.80047 -8345.57286 ] [ [ 2767483.51866 1447641.23326 -1781429.84165 ] [ 1447641.23326 4274069.07367 -557730.85597 ] [ -1781429.84165 -557730.85597 6288129.50779 ] ] ]

State
Pi 0
A 0 0.008528 0.77576 0.215712 
MultiGaussianOPDF [ [ -507.48489 5022.90638 -13221.52866 ] [ [ 13100280.19178 3068263.59367 1851497.72682 ] [ 3068263.59367 4520973.36993 600617.09025 ] [ 1851497.72682 600617.09025 2401328.16599 ] ] ]

State
Pi 0
A 0 0 0 1 
MultiGaussianOPDF [ [ -11243.8805 5334.68827 -15312.07935 ] [ [ 23130127.44827 193172.83465 -7037060.35688 ] [ 193172.83465 6578886.43492 658859.84203 ] [ -7037060.35688 658859.84203 12621275.66524 ] ] ]

TWO_HANDED_BLOCK 0
YMCA 0
SONIC_BOOM 0
RIGHT_CHOP 0
RIGHT_BLOCK 0
DOUBLE_LARIAT 0
HADOUKEN 0
RIGHT_UPPERCUT 0
PSYCHO_CRUSHER 0
TWO_HANDED_ONE_HUNDRED_HAND_SLAP 0
RIGHT_JAB 0
LEFT_SHORYUKEN 0
