27
RIGHT_JAB 1
Hmm v1.0

NbStates 7

State
Pi 0
A 0.666547 0.012589 0.320864 0 0 0 0 
MultiGaussianOPDF [ [ -14881.885 351.41676 7399.97759 ] [ [ 45972396.18702 20254332.823 -30187158.36886 ] [ 20254332.823 39733107.66658 -13833093.39843 ] [ -30187158.36886 -13833093.39843 37681272.71462 ] ] ]

State
Pi 0.005531
A 0.253154 0.603188 0.123761 0.019897 0 0 0 
MultiGaussianOPDF [ [ -6730.37323 643.61183 3187.36512 ] [ [ 9088772.57205 2180746.33468 -5979421.55772 ] [ 2180746.33468 6769118.84057 -1316072.37972 ] [ -5979421.55772 -1316072.37972 7191343.18683 ] ] ]

State
Pi 0
A 0.016171 0.042325 0.700826 0.230785 0 0.005088 0.004806 
MultiGaussianOPDF [ [ -6373.58059 -4209.9556 80.68918 ] [ [ 22611050.65579 3735545.76905 220379.24765 ] [ 3735545.76905 22234806.68034 5096428.20952 ] [ 220379.24765 5096428.20952 14064423.99801 ] ] ]

State
Pi 0.038322
A 0 0.212263 0.002862 0.776311 0.000012 0.002457 0.006095 
MultiGaussianOPDF [ [ -453.4377 1033.98362 1892.36933 ] [ [ 3886124.04525 1370072.20529 -1932559.98735 ] [ 1370072.20529 4653450.79196 -1540053.56398 ] [ -1932559.98735 -1540053.56398 3009105.30621 ] ] ]

State
Pi 0.272475
A 0 0 0 0.165873 0.770343 0.063785 0 
MultiGaussianOPDF [ [ 6489.41355 612.86194 500.04161 ] [ [ 2289180.61802 -711638.04379 -134681.21971 ] [ -711638.04379 3069124.5965 569523.52464 ] [ -134681.21971 569523.52464 2249992.74509 ] ] ]

State
Pi 0.098948
A 0.064814 0.026536 0 0.079652 0.009965 0.819033 0 
MultiGaussianOPDF [ [ 8407.34722 4652.16113 135.83133 ] [ [ 6495330.34994 -2500332.862 2333448.1721 ] [ -2500332.862 19204782.17205 -7084122.57713 ] [ 2333448.1721 -7084122.57713 11166413.30694 ] ] ]

State
Pi 0.584724
A 0 0 0 0.012944 0.111842 0.019201 0.856013 
MultiGaussianOPDF [ [ 4691.2755 -2328.17885 2047.74027 ] [ [ 2893751.41848 -870724.20252 -242289.5178 ] [ -870724.20252 2181144.34253 1470247.78465 ] [ -242289.5178 1470247.78465 2730376.23705 ] ] ]

LEFT_BLOCK 1
Hmm v1.0

NbStates 7

State
Pi 0.086705
A 0.991724 0 0 0.003547 0.002935 0.001795 0 
MultiGaussianOPDF [ [ 3427.37217 695.25569 1703.12431 ] [ [ 123426.08348 50095.2625 -123916.86493 ] [ 50095.2625 653131.25741 -127914.77967 ] [ -123916.86493 -127914.77967 229631.84041 ] ] ]

State
Pi 0.054054
A 0 0.995978 0.004022 0 0 0 0 
MultiGaussianOPDF [ [ 2754.22821 2217.5563 103.67753 ] [ [ 1165.23641 -797.22811 702.03184 ] [ -797.22811 1773.79447 -782.43648 ] [ 702.03184 -782.43648 2064.70125 ] ] ]

State
Pi 0.318298
A 0 0.002841 0.974383 0.008219 0.01088 0 0.003676 
MultiGaussianOPDF [ [ 3657.70704 1727.204 -225.62225 ] [ [ 921319.44579 -353617.80205 -223283.17681 ] [ -353617.80205 569117.80178 78224.60576 ] [ -223283.17681 78224.60576 749859.71988 ] ] ]

State
Pi 0.26106
A 0.002319 0 0.01176 0.985921 0 0 0 
MultiGaussianOPDF [ [ 3605.57047 676.54578 -118.46094 ] [ [ 40995.13233 -92630.07127 37617.87636 ] [ -92630.07127 269182.85908 -107803.42256 ] [ 37617.87636 -107803.42256 118606.87366 ] ] ]

State
Pi 0.15906
A 0.001711 0 0.00533 0 0.992715 0.000245 0 
MultiGaussianOPDF [ [ 4176.52328 1132.45648 405.84307 ] [ [ 75792.30616 -85110.4611 -5170.69387 ] [ -85110.4611 115865.13312 1664.95453 ] [ -5170.69387 1664.95453 16668.84261 ] ] ]

State
Pi 0.059726
A 0 0 0 0 0.002326 0.997552 0.000122 
MultiGaussianOPDF [ [ 4763.16269 -19.46801 366.57475 ] [ [ 14911.54783 -8385.96182 -15390.97005 ] [ -8385.96182 82036.15904 19775.95312 ] [ -15390.97005 19775.95312 82684.56532 ] ] ]

State
Pi 0.061097
A 0 0 0 0 0.004656 0.014625 0.980719 
MultiGaussianOPDF [ [ 4721.17094 69.51515 -595.37063 ] [ [ 49699.45488 -22199.97464 30124.96925 ] [ -22199.97464 113866.78885 56758.73459 ] [ 30124.96925 56758.73459 246002.68712 ] ] ]

TWO_HANDED_BLOCK 1
Hmm v1.0

NbStates 9

State
Pi 0.168999
A 0.987659 0.007319 0.004988 0 0 0 0 0.000034 0 
MultiGaussianOPDF [ [ 2293.03414 2756.93972 -325.45683 2456.72721 -2975.66548 -676.25356 ] [ [ 581367.68482 -359063.14017 206651.99626 177470.88564 299035.82073 -106347.47154 ] [ -359063.14017 449680.24995 -130493.05585 -120742.74983 -250895.85169 12167.67627 ] [ 206651.99626 -130493.05585 331749.47812 114132.00093 202524.71012 3723.02534 ] [ 177470.88564 -120742.74983 114132.00093 254687.22322 249540.77046 108716.52981 ] [ 299035.82073 -250895.85169 202524.71012 249540.77046 597751.78989 40435.20978 ] [ -106347.47154 12167.67627 3723.02534 108716.52981 40435.20978 474352.73088 ] ] ]

State
Pi 0.222381
A 0.014417 0.917119 0 0.034742 0 0.021703 0 0 0.01202 
MultiGaussianOPDF [ [ 3054.10761 990.75491 553.58266 3639.12939 -530.42256 306.16091 ] [ [ 763632.86549 -502944.07174 -411831.58834 289057.16086 -29312.22819 -113089.16652 ] [ -502944.07174 3030508.96868 18168.65186 -106598.15551 -1395020.37135 39151.15895 ] [ -411831.58834 18168.65186 1956889.72655 -204735.98354 956756.06227 596218.95441 ] [ 289057.16086 -106598.15551 -204735.98354 532694.41892 147913.29388 -111168.54977 ] [ -29312.22819 -1395020.37135 956756.06227 147913.29388 3040268.82937 319413.58869 ] [ -113089.16652 39151.15895 596218.95441 -111168.54977 319413.58869 605816.87283 ] ] ]

State
Pi 0.065589
A 0 0 1 0 0 0 0 0 0 
MultiGaussianOPDF [ [ 3951.72425 1828.4768 52.12533 3377.68016 -1612.03251 -1033.58367 ] [ [ 4520.46859 -2144.22678 -2491.18982 1077.67399 394.52015 -2759.38438 ] [ -2144.22678 12530.54556 -366.10302 1258.25173 1197.6272 -9088.19399 ] [ -2491.18982 -366.10302 16872.4757 -927.86861 96.60142 435.29335 ] [ 1077.67399 1258.25173 -927.86861 5006.57595 3511.37702 -11077.18178 ] [ 394.52015 1197.6272 96.60142 3511.37702 19197.94839 -20679.15434 ] [ -2759.38438 -9088.19399 435.29335 -11077.18178 -20679.15434 88675.6506 ] ] ]

State
Pi 0.172222
A 0 0.007203 0 0.985217 0 0.000978 0.005704 0.000898 0 
MultiGaussianOPDF [ [ 4068.80236 301.62656 -272.81238 4000.18535 -136.23369 -650.57012 ] [ [ 134160.72165 71516.61209 37738.66796 58769.46792 -62732.31267 9067.32653 ] [ 71516.61209 508095.79649 162695.22954 75172.11225 -170753.32729 123803.88875 ] [ 37738.66796 162695.22954 464554.25424 27923.44319 -9838.34193 217028.2748 ] [ 58769.46792 75172.11225 27923.44319 87633.72445 -10741.6026 1933.64646 ] [ -62732.31267 -170753.32729 -9838.34193 -10741.6026 366537.95745 -18117.28707 ] [ 9067.32653 123803.88875 217028.2748 1933.64646 -18117.28707 360835.00659 ] ] ]

State
Pi 0.04162
A 0 0 0 0 0.763762 0 0 0 0.236238 
MultiGaussianOPDF [ [ -2969.92847 3360.0296 -843.85377 -3636.79708 -3211.47644 -1162.77411 ] [ [ 24647218.11013 4349601.6437 -4094368.70842 12580155.09699 3631453.42982 -2270272.66717 ] [ 4349601.6437 18343357.8182 -8723108.37632 5620749.4658 -6786985.06442 -1806056.67615 ] [ -4094368.70842 -8723108.37632 24728080.33674 -7618558.72188 8481831.87579 14686785.04578 ] [ 12580155.09699 5620749.4658 -7618558.72188 25662470.2583 -4550428.04194 -6321167.07539 ] [ 3631453.42982 -6786985.06442 8481831.87579 -4550428.04194 23065418.62846 20774528.7155 ] [ -2270272.66717 -1806056.67615 14686785.04578 -6321167.07539 20774528.7155 36076274.85414 ] ] ]

State
Pi 0.083086
A 0 0.016822 0 0.008331 0 0.974847 0 0 0 
MultiGaussianOPDF [ [ 3873.13005 -458.91546 141.91656 4214.70667 -254.73785 611.09682 ] [ [ 68287.29179 -51906.86254 -36554.48897 53430.17064 -11909.90484 17130.31132 ] [ -51906.86254 661944.7558 465774.45278 -8944.79619 288087.00016 83409.16997 ] [ -36554.48897 465774.45278 782310.8604 -82702.70029 292565.49578 98066.18846 ] [ 53430.17064 -8944.79619 -82702.70029 125577.71213 46474.61645 5113.47966 ] [ -11909.90484 288087.00016 292565.49578 46474.61645 433989.03813 102699.92831 ] [ 17130.31132 83409.16997 98066.18846 5113.47966 102699.92831 199161.77409 ] ] ]

State
Pi 0.128145
A 0 0 0 0.003522 0 0 0.996478 0 0 
MultiGaussianOPDF [ [ 4486.4164 530.99051 346.96025 4110.42207 -12.80442 286.29973 ] [ [ 3875.59462 -9609.35202 -2653.5599 -41.02502 5780.43386 4404.21079 ] [ -9609.35202 68022.35544 3305.1931 5595.58052 -44130.63472 -32674.71801 ] [ -2653.5599 3305.1931 82990.47271 10809.24305 618.71683 13288.08033 ] [ -41.02502 5595.58052 10809.24305 5081.44795 -2082.27912 -4113.65831 ] [ 5780.43386 -44130.63472 618.71683 -2082.27912 47053.07709 21551.85484 ] [ 4404.21079 -32674.71801 13288.08033 -4113.65831 21551.85484 31481.64915 ] ] ]

State
Pi 0.117958
A 0.002126 0.045585 0 0 0.097304 0 0 0.854985 0 
MultiGaussianOPDF [ [ 1769.64931 3005.5679 31.62672 1567.13155 -2111.48986 -674.58711 ] [ [ 4480231.37086 -2023958.74108 -350992.0406 -621057.77085 -1186694.80779 -467523.95542 ] [ -2023958.74108 4228574.9907 -599783.64578 520639.77551 150368.06452 262061.39186 ] [ -350992.0406 -599783.64578 2910263.47958 837965.00743 965190.85662 332963.35107 ] [ -621057.77085 520639.77551 837965.00743 2606592.97006 1408373.40358 -577889.91676 ] [ -1186694.80779 150368.06452 965190.85662 1408373.40358 3571132.47951 1119392.84332 ] [ -467523.95542 262061.39186 332963.35107 -577889.91676 1119392.84332 4060446.636 ] ] ]

State
Pi 0
A 0 0.150385 0 0 0 0 0 0 0.849615 
MultiGaussianOPDF [ [ 1610.62715 -194.03684 1493.86422 1836.45564 284.73695 1476.87263 ] [ [ 6163823.99991 3044644.34746 -3410767.41441 3653974.87501 -2467942.30461 -1995847.67828 ] [ 3044644.34746 10232620.9011 -2511778.94685 3085547.75098 -6270786.57471 -2075338.40592 ] [ -3410767.41441 -2511778.94685 7606442.7556 -2263750.11371 412378.57433 2559074.51799 ] [ 3653974.87501 3085547.75098 -2263750.11371 4799328.72013 -2325254.93502 -3038280.38454 ] [ -2467942.30461 -6270786.57471 412378.57433 -2325254.93502 7892346.00915 1707184.97768 ] [ -1995847.67828 -2075338.40592 2559074.51799 -3038280.38454 1707184.97768 5249800.58988 ] ] ]

RIGHT_SHORYUKEN 1
Hmm v1.0

NbStates 7

State
Pi 0.192825
A 0.914588 0.00667 0 0 0.078742 0 0 
MultiGaussianOPDF [ [ 1025.78676 813.49946 -4375.37038 ] [ [ 6261129.22211 -3423372.22061 2191819.68671 ] [ -3423372.22061 12041606.83818 -228620.33592 ] [ 2191819.68671 -228620.33592 7913427.64154 ] ] ]

State
Pi 0.355965
A 0.106135 0.865653 0 0.002522 0.02569 0 0 
MultiGaussianOPDF [ [ -2337.03293 -2563.74303 -1214.49231 ] [ [ 4199927.52083 762467.94686 1406943.65587 ] [ 762467.94686 7058888.14519 2897156.23917 ] [ 1406943.65587 2897156.23917 9073999.55926 ] ] ]

State
Pi 0.041575
A 0 0 0.619683 0.114334 0.028689 0.000193 0.237101 
MultiGaussianOPDF [ [ -12309.71812 -6681.16652 -25839.03051 ] [ [ 50149349.4013 -2588926.6045 4965074.95143 ] [ -2588926.6045 22469818.97474 3930893.31635 ] [ 4965074.95143 3930893.31635 18683911.96454 ] ] ]

State
Pi 0.001147
A 0.001842 0.153405 0 0.837772 0.002014 0.004967 0 
MultiGaussianOPDF [ [ -9554.99442 -7467.47788 -5607.0673 ] [ [ 21529958.32646 -1910157.59548 -846855.89972 ] [ -1910157.59548 25251200.24949 13585694.92989 ] [ -846855.89972 13585694.92989 44434330.96247 ] ] ]

State
Pi 0.294717
A 0.031761 0.003728 0.108024 0.000016 0.81101 0.045461 0 
MultiGaussianOPDF [ [ -8.95949 -4530.87083 -12370.3764 ] [ [ 35615672.62274 3499703.00798 4091649.70746 ] [ 3499703.00798 23854870.58195 3782670.68608 ] [ 4091649.70746 3782670.68608 22028586.2432 ] ] ]

State
Pi 0.072496
A 0 0 0 0.152311 0 0.84332 0.004369 
MultiGaussianOPDF [ [ -22428.75007 -20612.35915 -18181.86294 ] [ [ 58765048.52618 6929550.03224 1694657.31738 ] [ 6929550.03224 47143563.14489 10018070.19635 ] [ 1694657.31738 10018070.19635 63879850.48906 ] ] ]

State
Pi 0.041277
A 0 0.002457 0.069894 0.002878 0 0.093709 0.831062 
MultiGaussianOPDF [ [ -23324.00795 -9219.06589 -32849.8131 ] [ [ 40115279.51599 16503448.50289 -10412.83414 ] [ 16503448.50289 99382609.6717 -154800.55465 ] [ -10412.83414 -154800.55465 2228.30532 ] ] ]

LEFT_HOOK 1
Hmm v1.0

NbStates 7

State
Pi 0
A 0.840905 0.078837 0.080258 0 0 0 0 
MultiGaussianOPDF [ [ -16827.3981 -6179.94398 3639.14223 ] [ [ 57998269.94824 -6284781.88728 -17521262.24093 ] [ -6284781.88728 37663626.30217 5548433.73964 ] [ -17521262.24093 5548433.73964 21607368.9031 ] ] ]

State
Pi 0.018892
A 0.011204 0.959295 0 0.016221 0.01328 0 0 
MultiGaussianOPDF [ [ -4399.1611 14419.47375 6319.80851 ] [ [ 42176234.9402 -3724905.76479 -374485.44771 ] [ -3724905.76479 47484366.11929 3022583.96144 ] [ -374485.44771 3022583.96144 15604438.97104 ] ] ]

State
Pi 0.011109
A 0.00003 0 0.99689 0 0.001712 0.001369 0 
MultiGaussianOPDF [ [ -5359.85835 508.24465 -679.00927 ] [ [ 10416451.04747 -6092265.98257 5824311.89759 ] [ -6092265.98257 11674938.89615 -2122397.45236 ] [ 5824311.89759 -2122397.45236 15478726.14233 ] ] ]

State
Pi 0.018443
A 0.161311 0 0 0.838689 0 0 0 
MultiGaussianOPDF [ [ -14663.57077 20973.50287 -6114.54199 ] [ [ 113906985.77827 -2413124.74975 -35932222.30929 ] [ -2413124.74975 49958220.72736 -9411212.70643 ] [ -35932222.30929 -9411212.70643 36939532.46703 ] ] ]

State
Pi 0.328051
A 0 0.049953 0 0.000001 0.879608 0.003842 0.066596 
MultiGaussianOPDF [ [ 4695.87902 5803.51162 2195.79751 ] [ [ 10607667.42926 -1262686.66159 1931523.73874 ] [ -1262686.66159 7170769.64876 -2670882.77667 ] [ 1931523.73874 -2670882.77667 8798726.5104 ] ] ]

State
Pi 0.438325
A 0 0 0.041226 0 0 0.921944 0.03683 
MultiGaussianOPDF [ [ 4237.35227 2029.91766 -5834.6993 ] [ [ 7513593.29921 2372660.69087 -878039.93682 ] [ 2372660.69087 4616727.43291 1193455.00387 ] [ -878039.93682 1193455.00387 6348866.70899 ] ] ]

State
Pi 0.185181
A 0 0 0.026497 0.060596 0 0.000239 0.912668 
MultiGaussianOPDF [ [ 2146.01366 7716.0473 -11273.28653 ] [ [ 26112945.77508 6892710.01473 12768178.44784 ] [ 6892710.01473 19070090.65237 7372179.56791 ] [ 12768178.44784 7372179.56791 23982515.89655 ] ] ]

LEFT_UPPERCUT 1
Hmm v1.0

NbStates 7

State
Pi 0.060862
A 0.866744 0.093704 0.021855 0.000047 0.005686 0 0.011964 
MultiGaussianOPDF [ [ -7105.56657 256.44344 -15097.10176 ] [ [ 12424109.9654 3807194.91483 -2054247.38859 ] [ 3807194.91483 8889859.42523 108888.13609 ] [ -2054247.38859 108888.13609 24111233.55557 ] ] ]

State
Pi 0
A 0.007826 0.919368 0.041441 0 0 0.031366 0 
MultiGaussianOPDF [ [ -11158.10614 -1397.58787 1916.82702 ] [ [ 56649626.39143 -4566672.65243 5890289.3971 ] [ -4566672.65243 21057351.11243 1353677.59496 ] [ 5890289.3971 1353677.59496 33221095.74242 ] ] ]

State
Pi 0.40927
A 0.005527 0.003012 0.905472 0 0.074714 0.011275 0 
MultiGaussianOPDF [ [ -48.53586 1242.10562 -4269.59288 ] [ [ 3922251.41579 943151.22133 -213322.42145 ] [ 943151.22133 1545871.72583 -843125.43675 ] [ -213322.42145 -843125.43675 8536917.59367 ] ] ]

State
Pi 0.064582
A 0.175812 0 0 0.743354 0 0 0.080835 
MultiGaussianOPDF [ [ 1285.98969 2847.77974 -20517.91141 ] [ [ 16284800.36113 -1515899.711 2953461.99409 ] [ -1515899.711 8977105.80437 980575.10732 ] [ 2953461.99409 980575.10732 17945739.01695 ] ] ]

State
Pi 0.303837
A 0.000005 0 0.015182 0.179732 0.805082 0 0 
MultiGaussianOPDF [ [ 5817.69185 4143.55708 -11216.06127 ] [ [ 5995933.48162 2774712.19524 -461219.455 ] [ 2774712.19524 8663449.60264 -6149819.32833 ] [ -461219.455 -6149819.32833 17850488.41279 ] ] ]

State
Pi 0.161449
A 0.009393 0 0.041373 0.011198 0.013244 0.860318 0.064474 
MultiGaussianOPDF [ [ 1813.93986 10069.59485 -8504.72128 ] [ [ 31138005.30343 -1401273.9168 6971245.41628 ] [ -1401273.9168 31120319.63371 -20131166.19153 ] [ 6971245.41628 -20131166.19153 42939877.35599 ] ] ]

State
Pi 0
A 0.003486 0.090385 0 0 0 0 0.90613 
MultiGaussianOPDF [ [ -17895.79733 6292.45147 -26915.86353 ] [ [ 87800221.62405 -25383423.15878 -8362683.42847 ] [ -25383423.15878 81638901.91236 14565627.71464 ] [ -8362683.42847 14565627.71464 36941796.26478 ] ] ]

LEFT_SHORYUKEN 1
Hmm v1.0

NbStates 7

State
Pi 0.021867
A 0.840934 0 0 0 0 0.112936 0.04613 
MultiGaussianOPDF [ [ -13621.48309 7244.09466 -32455.94597 ] [ [ 64912569.31131 12104415.89763 172779.32404 ] [ 12104415.89763 65682955.51651 -117330.78417 ] [ 172779.32404 -117330.78417 92512.98576 ] ] ]

State
Pi 0.489932
A 0.001751 0.872522 0.018417 0.099766 0.003929 0.003616 0 
MultiGaussianOPDF [ [ 2560.79233 1701.25123 -4247.19329 ] [ [ 5117931.36032 -172857.40021 2320176.01413 ] [ -172857.40021 29439327.4441 -1998427.24228 ] [ 2320176.01413 -1998427.24228 20380151.81431 ] ] ]

State
Pi 0.253124
A 0 0.086542 0.88946 0 0.007015 0.016984 0 
MultiGaussianOPDF [ [ -1978.32057 1005.38524 -1593.48825 ] [ [ 3468986.34021 333186.67427 -1040989.05479 ] [ 333186.67427 4091973.3556 -679572.35196 ] [ -1040989.05479 -679572.35196 6463061.47591 ] ] ]

State
Pi 0.087781
A 0.12467 0.041867 0 0.811329 0.002822 0.008211 0.011102 
MultiGaussianOPDF [ [ 3343.31977 6007.50134 -17118.19596 ] [ [ 34641297.92584 9249774.85246 28543098.49602 ] [ 9249774.85246 65212983.77981 -6393323.63281 ] [ 28543098.49602 -6393323.63281 69901832.48111 ] ] ]

State
Pi 0.01722
A 0 0 0.057371 0 0.929923 0.007492 0.005214 
MultiGaussianOPDF [ [ -10955.57021 8595.49995 -1248.13381 ] [ [ 38563103.00696 -18322469.52532 18315405.0095 ] [ -18322469.52532 97506643.00425 -38863024.62169 ] [ 18315405.0095 -38863024.62169 45039561.43256 ] ] ]

State
Pi 0.050958
A 0.001337 0.003853 0.08827 0.008313 0.026477 0.871751 0 
MultiGaussianOPDF [ [ -7943.07752 4668.25273 -11235.35341 ] [ [ 10301116.08067 761994.00199 13299348.97285 ] [ 761994.00199 14958181.71296 -3715074.00732 ] [ 13299348.97285 -3715074.00732 47876153.52614 ] ] ]

State
Pi 0.079119
A 0.000001 0 0 0 0.141108 0.038483 0.820408 
MultiGaussianOPDF [ [ -22252.8471 20174.03009 -26007.61608 ] [ [ 64332629.62721 -37867191.91616 25219980.95534 ] [ -37867191.91616 89898249.43574 -39709533.05417 ] [ 25219980.95534 -39709533.05417 39830627.18752 ] ] ]

RIGHT_BLOCK 1
Hmm v1.0

NbStates 7

State
Pi 0.026163
A 0.918531 0 0 0 0 0 0.081469 
MultiGaussianOPDF [ [ -22.21983 72.79508 -18.0107 ] [ [ 21181886.2341 3602268.88568 2459803.84256 ] [ 3602268.88568 22523903.17409 15389996.61805 ] [ 2459803.84256 15389996.61805 20507495.51984 ] ] ]

State
Pi 0.256828
A 0 0.987925 0 0.005063 0.001629 0.003258 0.002125 
MultiGaussianOPDF [ [ 3689.01388 -836.8803 -621.39153 ] [ [ 27964.38294 39779.30701 13040.86241 ] [ 39779.30701 146835.88174 6218.45882 ] [ 13040.86241 6218.45882 132889.74861 ] ] ]

State
Pi 0
A 0 0.015666 0.90668 0 0 0.077655 0 
MultiGaussianOPDF [ [ 4277.51126 269.76371 -367.19271 ] [ [ 378476.67261 48646.94208 127962.85094 ] [ 48646.94208 1144505.2416 263037.88616 ] [ 127962.85094 263037.88616 1385815.49698 ] ] ]

State
Pi 0.143893
A 0 0.000201 0.00225 0.987425 0.000971 0.00674 0.002412 
MultiGaussianOPDF [ [ 3893.80826 -688.0646 225.69273 ] [ [ 7126.42602 23592.25245 -1907.06244 ] [ 23592.25245 241046.71947 -27930.45528 ] [ -1907.06244 -27930.45528 47915.65676 ] ] ]

State
Pi 0.241835
A 0 0.015507 0 0.022069 0.953832 0 0.008592 
MultiGaussianOPDF [ [ 3131.36845 -2063.98038 43.33771 ] [ [ 327248.20771 223521.49823 -268643.97884 ] [ 223521.49823 714969.1978 -195537.57979 ] [ -268643.97884 -195537.57979 1322542.09289 ] ] ]

State
Pi 0.121283
A 0 0.000702 0.015099 0.00705 0 0.972105 0.005045 
MultiGaussianOPDF [ [ 4353.07105 -288.58266 -229.22539 ] [ [ 13995.8021 -8941.74187 1406.5994 ] [ -8941.74187 240287.93137 -40362.16454 ] [ 1406.5994 -40362.16454 167208.08496 ] ] ]

State
Pi 0.209999
A 0 0 0.044154 0.011629 0.008058 0.001663 0.934496 
MultiGaussianOPDF [ [ 3293.94562 497.72215 1440.90457 ] [ [ 367598.66641 -315561.80706 -188044.48241 ] [ -315561.80706 1088868.78241 23913.96546 ] [ -188044.48241 23913.96546 519875.51168 ] ] ]

HADOUKEN 1
Hmm v1.0

NbStates 9

State
Pi 0.116705
A 0.95735 0 0 0 0.021494 0 0 0 0.021157 
MultiGaussianOPDF [ [ 3098.93722 -991.12492 -1655.39227 3715.38228 -1423.27758 -746.2315 ] [ [ 631478.6817 -469842.90804 301521.34195 -190426.59522 -699144.40286 158927.5918 ] [ -469842.90804 4343902.22309 282540.27244 946231.27984 3786196.11243 517530.51317 ] [ 301521.34195 282540.27244 1075799.69417 -15943.89855 114004.07824 319936.81745 ] [ -190426.59522 946231.27984 -15943.89855 907488.67762 1624668.24901 -182630.19751 ] [ -699144.40286 3786196.11243 114004.07824 1624668.24901 5595840.48434 361029.53443 ] [ 158927.5918 517530.51317 319936.81745 -182630.19751 361029.53443 902731.14713 ] ] ]

State
Pi 0.100522
A 0.003865 0.89336 0 0.000002 0.01499 0.069503 0.003306 0.005297 0.009676 
MultiGaussianOPDF [ [ -2376.47047 1716.58103 -3742.57927 1588.48894 -1995.06765 2279.02512 ] [ [ 4022673.45203 -874627.75236 -39123.68711 -371085.88195 474315.33115 -1797313.13211 ] [ -874627.75236 4329585.2302 301301.39228 1684912.79682 -916153.81729 188147.80365 ] [ -39123.68711 301301.39228 1872031.68307 -325694.28111 652713.5453 419045.32045 ] [ -371085.88195 1684912.79682 -325694.28111 3930652.27206 -635611.44301 -657898.65617 ] [ 474315.33115 -916153.81729 652713.5453 -635611.44301 7153941.929 534233.41138 ] [ -1797313.13211 188147.80365 419045.32045 -657898.65617 534233.41138 5224806.38897 ] ] ]

State
Pi 0.094659
A 0 0 0.925691 0.01263 0.00332 0.058347 0.000012 0 0 
MultiGaussianOPDF [ [ -359.17661 -1760.42008 5323.51185 4627.93283 -472.34131 -4273.05146 ] [ [ 1575805.9475 -159843.8052 57934.84818 533030.85057 -278229.82519 346518.95301 ] [ -159843.8052 7975611.10544 962426.29106 -85566.96537 -1905962.55302 3516839.58831 ] [ 57934.84818 962426.29106 2072049.28206 1814513.58625 -371339.32313 311549.1112 ] [ 533030.85057 -85566.96537 1814513.58625 5988309.36582 -157758.3341 -145908.8127 ] [ -278229.82519 -1905962.55302 -371339.32313 -157758.3341 2188703.68619 -1325315.00783 ] [ 346518.95301 3516839.58831 311549.1112 -145908.8127 -1325315.00783 3751496.10968 ] ] ]

State
Pi 0.178244
A 0 0.000561 0 0.864184 0 0.130728 0.004518 0.000008 0 
MultiGaussianOPDF [ [ 1162.65946 2261.17535 4842.35019 3767.36341 -2694.387 -5315.83894 ] [ [ 18771632.99458 -6032318.79532 -2127256.12104 2842802.91841 11072654.32649 1446370.21626 ] [ -6032318.79532 16552135.67748 4119915.65373 -740240.29756 -9261266.42729 -2996034.64429 ] [ -2127256.12104 4119915.65373 13321542.98043 3180627.01918 -706911.86336 -6694600.6617 ] [ 2842802.91841 -740240.29756 3180627.01918 9006281.65889 1547965.59322 1648423.11377 ] [ 11072654.32649 -9261266.42729 -706911.86336 1547965.59322 20005498.9179 -2128959.91403 ] [ 1446370.21626 -2996034.64429 -6694600.6617 1648423.11377 -2128959.91403 22624013.79534 ] ] ]

State
Pi 0.087325
A 0.00683 0.023318 0.002259 0.015351 0.923873 0 0.000363 0.003412 0.024593 
MultiGaussianOPDF [ [ 2097.29001 3343.33669 743.26002 5622.49428 -287.65795 -1394.44055 ] [ [ 1890887.77881 -869790.68999 -751906.48148 503443.47882 1743213.98366 -74211.7386 ] [ -869790.68999 3264625.42102 443080.32827 916158.06059 -1109574.61428 -943582.38098 ] [ -751906.48148 443080.32827 4699965.37799 213714.52627 -2457768.75776 425868.23122 ] [ 503443.47882 916158.06059 213714.52627 4198134.09097 1786774.85042 -1349756.08429 ] [ 1743213.98366 -1109574.61428 -2457768.75776 1786774.85042 7093876.49987 -1021897.29919 ] [ -74211.7386 -943582.38098 425868.23122 -1349756.08429 -1021897.29919 2571153.9186 ] ] ]

State
Pi 0.052936
A 0 0.030593 0 0.001556 0 0.918643 0.044801 0.004406 0 
MultiGaussianOPDF [ [ -5719.35865 1621.84301 -357.5069 -4604.17827 -1301.85749 -1096.19534 ] [ [ 28660606.10186 -5200243.5689 5109294.41104 3258326.55117 3619865.31371 1474098.8594 ] [ -5200243.5689 29995117.30519 158063.77435 -1234817.22741 -5212720.75578 -43028.11718 ] [ 5109294.41104 158063.77435 25503776.13986 -4366092.40906 3438089.97338 -6647926.88189 ] [ 3258326.55117 -1234817.22741 -4366092.40906 43983250.27787 -2471906.26854 -154173.91216 ] [ 3619865.31371 -5212720.75578 3438089.97338 -2471906.26854 25598518.4375 -5673844.66868 ] [ 1474098.8594 -43028.11718 -6647926.88189 -154173.91216 -5673844.66868 23600093.66028 ] ] ]

State
Pi 0.202622
A 0 0.000016 0.049951 0.019201 0.010186 0.007725 0.909467 0.003455 0 
MultiGaussianOPDF [ [ 215.32571 1817.42362 2380.26244 -261.92598 -1398.31462 -3293.91049 ] [ [ 1949435.36416 -663109.38737 476147.6522 404749.60378 696773.39035 -278513.90822 ] [ -663109.38737 4062086.78161 -1073972.13531 9434.22836 -952737.33764 364033.56804 ] [ 476147.6522 -1073972.13531 3440953.91388 997896.35289 1264126.13482 -1283773.69189 ] [ 404749.60378 9434.22836 997896.35289 2703780.41253 -432823.25364 142639.20975 ] [ 696773.39035 -952737.33764 1264126.13482 -432823.25364 3465459.58116 -1528881.70541 ] [ -278513.90822 364033.56804 -1283773.69189 142639.20975 -1528881.70541 2985202.14959 ] ] ]

State
Pi 0.077968
A 0 0.015908 0 0 0 0.008305 0.002156 0.945789 0.027842 
MultiGaussianOPDF [ [ 177.51656 627.21116 -5013.29973 -2158.44148 -1408.2864 4130.75137 ] [ [ 1938316.6774 -244354.29266 219879.95195 477737.40962 307103.96044 374235.8796 ] [ -244354.29266 4585677.38059 1556654.48184 -128352.6041 1810715.59382 -391556.52691 ] [ 219879.95195 1556654.48184 2718431.41189 1588607.94574 2796999.58196 -480232.96476 ] [ 477737.40962 -128352.6041 1588607.94574 8102323.73572 2283519.00187 -188492.06221 ] [ 307103.96044 1810715.59382 2796999.58196 2283519.00187 5222344.1005 -760134.60969 ] [ 374235.8796 -391556.52691 -480232.96476 -188492.06221 -760134.60969 1357094.41375 ] ] ]

State
Pi 0.08902
A 0.007679 0.034148 0 0 0.00253 0 0.002651 0.002902 0.95009 
MultiGaussianOPDF [ [ 3788.84645 -88.53873 -5110.0589 4279.95735 -775.81947 2019.52465 ] [ [ 7524973.08448 5634867.17622 1044551.43731 1963623.09532 2254755.73018 -1025818.18477 ] [ 5634867.17622 21930619.30057 -259181.8491 1731730.06363 -1089674.81642 -1176154.06619 ] [ 1044551.43731 -259181.8491 15650909.84653 -3897501.86798 1849038.3166 -7119498.72354 ] [ 1963623.09532 1731730.06363 -3897501.86798 15214906.86607 3330358.85889 -3934467.04155 ] [ 2254755.73018 -1089674.81642 1849038.3166 3330358.85889 32069803.23219 -5245280.41911 ] [ -1025818.18477 -1176154.06619 -7119498.72354 -3934467.04155 -5245280.41911 21846004.24384 ] ] ]

DOUBLE_LARIAT 1
Hmm v1.0

NbStates 9

State
Pi 0.096699
A 0.918438 0.0244 0.043512 0.001131 0 0.008423 0 0.004096 0 
MultiGaussianOPDF [ [ -6000.53571 4377.51031 1341.61557 -5591.42325 2740.07119 3835.65406 ] [ [ 6985531.1908 2883317.58118 1072893.77719 1928486.77732 -113563.69077 -12625.01522 ] [ 2883317.58118 7057257.33631 306067.85417 870034.96337 3174805.5062 902469.09393 ] [ 1072893.77719 306067.85417 2332237.90785 670571.57842 420340.13565 340337.31826 ] [ 1928486.77732 870034.96337 670571.57842 8271039.46061 3269831.88197 1812115.53797 ] [ -113563.69077 3174805.5062 420340.13565 3269831.88197 8008623.91568 2194662.51096 ] [ -12625.01522 902469.09393 340337.31826 1812115.53797 2194662.51096 2497264.10922 ] ] ]

State
Pi 0
A 0.012599 0.952253 0.000791 0.002227 0.011206 0.002649 0.018275 0 0 
MultiGaussianOPDF [ [ -15618.73845 1152.81364 5124.70493 -14894.50915 1078.33052 4169.02691 ] [ [ 26863398.94258 6477300.81843 -130748.16722 15145237.99784 -5041690.10339 3875763.38419 ] [ 6477300.81843 9164392.94151 922438.97452 4882066.23776 -817533.31614 1115595.05393 ] [ -130748.16722 922438.97452 7637259.42704 30272.65954 -3520508.77102 -159552.97729 ] [ 15145237.99784 4882066.23776 30272.65954 21796371.13886 -2905717.5665 1809059.28481 ] [ -5041690.10339 -817533.31614 -3520508.77102 -2905717.5665 12258470.3264 -754112.17081 ] [ 3875763.38419 1115595.05393 -159552.97729 1809059.28481 -754112.17081 7616741.34776 ] ] ]

State
Pi 0
A 0.009473 0 0.97922 0 0 0.001376 0.00814 0 0.00179 
MultiGaussianOPDF [ [ -9203.93381 822.65053 585.16625 -8888.45463 -1552.86189 949.10619 ] [ [ 3375319.91633 -404218.3465 112823.80597 961141.70596 38826.84344 102879.88173 ] [ -404218.3465 1682811.90834 -21773.12871 -471238.39727 508397.37608 -16224.50621 ] [ 112823.80597 -21773.12871 1748851.1326 -59092.39937 74058.93883 261002.35263 ] [ 961141.70596 -471238.39727 -59092.39937 3824680.72523 -860458.23617 724348.12888 ] [ 38826.84344 508397.37608 74058.93883 -860458.23617 1740556.09748 237541.53166 ] [ 102879.88173 -16224.50621 261002.35263 724348.12888 237541.53166 1511540.0982 ] ] ]

State
Pi 0
A 0.000867 0 0 0.978054 0 0 0.002927 0.00902 0.009133 
MultiGaussianOPDF [ [ -5194.81147 389.67584 5014.24718 -4523.97963 -1778.0212 4503.3126 ] [ [ 2456981.11678 -63980.09322 -430070.27718 605107.94155 600967.69305 -57537.66416 ] [ -63980.09322 1524668.52808 -361139.61555 176842.69487 503757.84975 180555.63418 ] [ -430070.27718 -361139.61555 952866.63251 -230109.01443 -511201.03438 -122369.35213 ] [ 605107.94155 176842.69487 -230109.01443 1936390.44291 581096.66027 -13208.22006 ] [ 600967.69305 503757.84975 -511201.03438 581096.66027 1785564.15201 405640.2836 ] [ -57537.66416 180555.63418 -122369.35213 -13208.22006 405640.2836 654330.43502 ] ] ]

State
Pi 0.069116
A 0 0.037075 0 0 0.949451 0.013473 0 0 0 
MultiGaussianOPDF [ [ -22708.32055 -2784.60545 4848.07445 -21568.53868 -1225.13248 6425.01841 ] [ [ 80925792.75832 4960366.28011 13056972.02048 64551767.37269 9086503.74928 -6402355.38465 ] [ 4960366.28011 75762323.85692 7627868.3093 -1373815.0271 22696007.52408 2933552.59171 ] [ 13056972.02048 7627868.3093 43599413.09715 13522011.01386 6461191.76636 7584510.8584 ] [ 64551767.37269 -1373815.0271 13522011.01386 104509156.75896 12109987.16181 -3559477.52322 ] [ 9086503.74928 22696007.52408 6461191.76636 12109987.16181 62189220.71604 4121641.6128 ] [ -6402355.38465 2933552.59171 7584510.8584 -3559477.52322 4121641.6128 40656949.00895 ] ] ]

State
Pi 0
A 0.000006 0.014083 0.003536 0 0.002463 0.979912 0 0 0 
MultiGaussianOPDF [ [ -14986.62389 6514.04553 -2742.93783 -15668.84087 -4535.79821 -575.79199 ] [ [ 22284118.14242 -6779173.36098 4013845.51405 5800346.29756 2824151.53829 2311778.54802 ] [ -6779173.36098 16148778.70462 -2479120.6336 4071805.38453 -5586688.82572 480687.74579 ] [ 4013845.51405 -2479120.6336 10042511.349 -4060238.46386 1914480.51967 1224165.48198 ] [ 5800346.29756 4071805.38453 -4060238.46386 28827694.10787 1166265.11423 5442266.77765 ] [ 2824151.53829 -5586688.82572 1914480.51967 1166265.11423 16835693.01747 2209114.6756 ] [ 2311778.54802 480687.74579 1224165.48198 5442266.77765 2209114.6756 4488822.77472 ] ] ]

State
Pi 0.140244
A 0 0.015591 0.015479 0.003802 0.02515 0 0.926343 0 0.013636 
MultiGaussianOPDF [ [ -6302.02081 -3005.42148 4195.68751 -5796.97621 -4507.47666 1699.7137 ] [ [ 15378095.23571 -3818543.16011 1026143.01013 5221805.83518 -532743.8727 571551.47477 ] [ -3818543.16011 18370567.64007 611550.36033 1393622.08476 7224797.53474 1214028.62318 ] [ 1026143.01013 611550.36033 8448463.08649 -2703560.97828 3582018.83595 3972853.69467 ] [ 5221805.83518 1393622.08476 -2703560.97828 13616157.84185 -1183919.09062 -857863.78867 ] [ -532743.8727 7224797.53474 3582018.83595 -1183919.09062 9402833.90296 3706498.4509 ] [ 571551.47477 1214028.62318 3972853.69467 -857863.78867 3706498.4509 6626741.86924 ] ] ]

State
Pi 0.362538
A 0.056651 0 0 0.010338 0 0 0 0.929643 0.003369 
MultiGaussianOPDF [ [ -1571.0303 3228.28711 3025.48642 -1049.46687 1623.09772 4488.95736 ] [ [ 1527580.59248 -915786.3857 34179.07131 557801.65836 -851732.25784 -359253.72802 ] [ -915786.3857 3024302.55725 -637395.50748 -1145044.58529 1940509.84796 547163.81747 ] [ 34179.07131 -637395.50748 605200.89169 307082.71831 -424328.70101 -139285.83845 ] [ 557801.65836 -1145044.58529 307082.71831 2152366.37626 -1518472.03126 -197296.43005 ] [ -851732.25784 1940509.84796 -424328.70101 -1518472.03126 2714486.80233 537507.69244 ] [ -359253.72802 547163.81747 -139285.83845 -197296.43005 537507.69244 601652.26935 ] ] ]

State
Pi 0.331403
A 0 0 0.021359 0.011285 0 0 0.021675 0.003706 0.941975 
MultiGaussianOPDF [ [ -2134.36043 -1942.10054 4011.30074 -1783.74575 -3730.38267 2289.04015 ] [ [ 4375104.39275 1502388.88833 1636889.7886 2369978.68457 616754.52823 1204997.5906 ] [ 1502388.88833 2498786.30902 141256.78766 950454.63114 535192.26643 492727.04968 ] [ 1636889.7886 141256.78766 1953058.90082 836859.74603 -261196.70515 722693.13934 ] [ 2369978.68457 950454.63114 836859.74603 2886009.075 135394.31909 662443.63092 ] [ 616754.52823 535192.26643 -261196.70515 135394.31909 1622397.17464 344696.7947 ] [ 1204997.5906 492727.04968 722693.13934 662443.63092 344696.7947 1060651.74912 ] ] ]

YMCA 1
Hmm v1.0

NbStates 9

State
Pi 0
A 0.939228 0 0 0.003573 0.002277 0.018483 0 0.000005 0.036434 
MultiGaussianOPDF [ [ -1193.44208 456.46839 3174.67612 -1026.44874 2174.29044 -12037.43037 ] [ [ 13919916.01856 -7145959.45526 -11138969.83742 -9599738.55544 -761253.3195 13843307.09081 ] [ -7145959.45526 8228515.11057 2058563.40552 3989968.62981 359921.243 -8220481.0622 ] [ -11138969.83742 2058563.40552 22942364.72135 11329798.68332 510690.84498 -8891649.61331 ] [ -9599738.55544 3989968.62981 11329798.68332 45040810.57337 8118895.20598 -29283877.38058 ] [ -761253.3195 359921.243 510690.84498 8118895.20598 14164467.8301 -5977575.62115 ] [ 13843307.09081 -8220481.0622 -8891649.61331 -29283877.38058 -5977575.62115 58811955.39528 ] ] ]

State
Pi 0
A 0 0.919253 0.014422 0.001024 0.006592 0.007466 0.051241 0 0 
MultiGaussianOPDF [ [ 1150.86119 5225.44006 -12769.59801 1097.63196 270.52015 2549.37446 ] [ [ 28581531.60306 -1149333.32782 -4361622.29763 -2605956.40016 463104.91151 2366846.95132 ] [ -1149333.32782 17296787.89865 6129250.8069 3259593.47098 2169030.34845 -1942625.64255 ] [ -4361622.29763 6129250.8069 29131028.21193 7403714.00463 4319713.50844 -6268652.29195 ] [ -2605956.40016 3259593.47098 7403714.00463 9387101.42217 1243563.59863 -8492028.32134 ] [ 463104.91151 2169030.34845 4319713.50844 1243563.59863 3004091.02725 -69345.16482 ] [ 2366846.95132 -1942625.64255 -6268652.29195 -8492028.32134 -69345.16482 11440093.17292 ] ] ]

State
Pi 0.02347
A 0 0 0.93068 0.001907 0.000654 0.003612 0.016823 0 0.046323 
MultiGaussianOPDF [ [ 1720.53214 1722.11134 -6039.5724 1492.7746 -898.11366 -5830.74485 ] [ [ 4292344.2554 814298.62933 -1100783.7971 2580998.8612 -1163522.16438 -1699856.09911 ] [ 814298.62933 8757373.36682 -3890102.0162 -1454445.9928 -3607096.7582 -1876901.94367 ] [ -1100783.7971 -3890102.0162 11892930.39822 1480152.96273 2526423.31872 6945339.51898 ] [ 2580998.8612 -1454445.9928 1480152.96273 5153261.37119 -752417.4302 -2724312.83643 ] [ -1163522.16438 -3607096.7582 2526423.31872 -752417.4302 4221032.35476 3619160.96842 ] [ -1699856.09911 -1876901.94367 6945339.51898 -2724312.83643 3619160.96842 13379994.0879 ] ] ]

State
Pi 0.684422
A 0 0.001463 0.002334 0.902245 0.00344 0.030696 0 0.004312 0.055509 
MultiGaussianOPDF [ [ 2584.43061 2720.29488 1544.84637 2167.14441 -2022.44698 2108.26292 ] [ [ 13768616.14037 -4183514.17206 -2238935.37037 12912462.52182 2588532.55552 -52462.0057 ] [ -4183514.17206 11959564.03773 1532906.34269 -2226629.39112 -10306959.84755 -601597.03486 ] [ -2238935.37037 1532906.34269 7437748.16108 -1873460.6083 -2868962.73092 3465722.9156 ] [ 12912462.52182 -2226629.39112 -1873460.6083 14904424.33403 -147425.14814 -832016.47826 ] [ 2588532.55552 -10306959.84755 -2868962.73092 -147425.14814 15971902.55962 -986320.42222 ] [ -52462.0057 -601597.03486 3465722.9156 -832016.47826 -986320.42222 6404830.83529 ] ] ]

State
Pi 0.004711
A 0.000001 0 0 0.007008 0.926842 0.008154 0.049846 0.000449 0.007701 
MultiGaussianOPDF [ [ -2141.56983 -1012.38538 2881.48906 3142.47664 965.79898 1300.77231 ] [ [ 4737857.56263 82730.76033 -390284.18145 383099.67652 130584.25344 243489.94033 ] [ 82730.76033 3702391.27586 -2729152.97657 315225.06817 -76630.98425 -1027530.37711 ] [ -390284.18145 -2729152.97657 8820952.56945 -203659.47598 -9540.50633 1611738.5307 ] [ 383099.67652 315225.06817 -203659.47598 1651422.33573 -195414.08249 -594779.8874 ] [ 130584.25344 -76630.98425 -9540.50633 -195414.08249 1578831.66001 313563.5195 ] [ 243489.94033 -1027530.37711 1611738.5307 -594779.8874 313563.5195 5109119.26578 ] ] ]

State
Pi 0.116849
A 0.027205 0.020356 0.043664 0.016655 0.015676 0.85084 0.009243 0.009697 0.006664 
MultiGaussianOPDF [ [ -4537.75273 -886.46661 -704.6586 -3043.38126 1309.04989 -525.92271 ] [ [ 38453198.20098 -533065.50808 -10373701.46663 4745372.36154 -1947396.12253 162626.80803 ] [ -533065.50808 39020906.59142 -22669656.89822 8121522.47987 -11668511.48097 -12207985.18346 ] [ -10373701.46663 -22669656.89822 62613059.57386 -5466001.10092 8778579.24747 21461702.24952 ] [ 4745372.36154 8121522.47987 -5466001.10092 45185341.76048 -6971689.12765 -11816918.57868 ] [ -1947396.12253 -11668511.48097 8778579.24747 -6971689.12765 33547532.76545 20803804.43932 ] [ 162626.80803 -12207985.18346 21461702.24952 -11816918.57868 20803804.43932 71750207.25801 ] ] ]

State
Pi 0
A 0 0.068889 0.001996 0.002041 0.051717 0.012493 0.836668 0.02098 0.005216 
MultiGaussianOPDF [ [ -2954.24613 860.40505 -5271.41613 -129.86221 415.17069 2807.55824 ] [ [ 10928607.66793 158161.40168 -3287194.26666 -935895.23526 1524115.0272 3779884.22675 ] [ 158161.40168 2748171.18294 -503449.66804 1033265.42985 326889.28293 -383740.80579 ] [ -3287194.26666 -503449.66804 11456088.46599 1728690.93033 -231802.3329 -2625563.04903 ] [ -935895.23526 1033265.42985 1728690.93033 11198977.80127 -218166.08211 -8332044.82441 ] [ 1524115.0272 326889.28293 -231802.3329 -218166.08211 2386520.96986 2493512.74284 ] [ 3779884.22675 -383740.80579 -2625563.04903 -8332044.82441 2493512.74284 12605671.65371 ] ] ]

State
Pi 0.031859
A 0 0 0.000148 0 0.055118 0.018837 0 0.905426 0.020471 
MultiGaussianOPDF [ [ -2085.56026 -2443.40088 5180.87332 -1527.93174 1375.07504 6227.68515 ] [ [ 3334133.37918 29663.20589 -960397.32228 1793159.57211 169909.1737 -578315.12837 ] [ 29663.20589 3595354.39258 -567808.55825 -664187.77124 -2232840.36627 -727069.97441 ] [ -960397.32228 -567808.55825 6008014.8455 226248.07526 -1505152.22601 854662.19231 ] [ 1793159.57211 -664187.77124 226248.07526 4022567.43558 274533.81113 -372346.19039 ] [ 169909.1737 -2232840.36627 -1505152.22601 274533.81113 4344615.39752 513722.10518 ] [ -578315.12837 -727069.97441 854662.19231 -372346.19039 513722.10518 4620674.49655 ] ] ]

State
Pi 0.13869
A 0.024807 0 0.031438 0.010146 0 0.036513 0.008348 0.05732 0.831428 
MultiGaussianOPDF [ [ -1099.45265 -518.39428 666.89516 -2969.49682 370.88312 696.1158 ] [ [ 6915518.07921 -275856.21096 1567824.60482 698965.23189 -1697367.2405 2139335.51071 ] [ -275856.21096 1808869.70911 -474991.204 -38507.82549 -223294.40659 206943.1633 ] [ 1567824.60482 -474991.204 6266998.45459 -371338.51743 -1075323.72275 853790.8286 ] [ 698965.23189 -38507.82549 -371338.51743 2772217.82334 186106.39272 218822.26976 ] [ -1697367.2405 -223294.40659 -1075323.72275 186106.39272 1917215.83515 -633959.86231 ] [ 2139335.51071 206943.1633 853790.8286 218822.26976 -633959.86231 5915854.37786 ] ] ]

SONIC_BOOM 1
Hmm v1.0

NbStates 9

State
Pi 0.010669
A 0.808688 0.181548 0 0 0.004543 0 0 0 0.005221 
MultiGaussianOPDF [ [ -15884.26118 -3734.53816 2077.8807 -15870.52787 4874.66564 1791.84539 ] [ [ 38991037.74405 -18613156.49148 -3817759.31395 22263535.45144 8795340.0317 -1367492.46793 ] [ -18613156.49148 48236407.70756 10289292.80897 -12420050.24945 -18105420.90166 2256003.94867 ] [ -3817759.31395 10289292.80897 20392168.09433 -3622827.5075 -15984112.55274 6822812.60673 ] [ 22263535.45144 -12420050.24945 -3622827.5075 59059216.58755 22425236.56542 1166476.31639 ] [ 8795340.0317 -18105420.90166 -15984112.55274 22425236.56542 62849770.69212 -4405748.84615 ] [ -1367492.46793 2256003.94867 6822812.60673 1166476.31639 -4405748.84615 12618772.29754 ] ] ]

State
Pi 0.005536
A 0 0.926722 0.070844 0 0.002434 0 0 0 0 
MultiGaussianOPDF [ [ -5329.47714 -7410.50471 3168.23414 -5997.39674 5269.97849 3782.48576 ] [ [ 14503424.98452 1446543.17832 -1487801.15079 11901591.3041 -1741520.48496 -42732.23368 ] [ 1446543.17832 10670916.23587 1577240.93375 723020.80809 -2471351.02802 1051196.66032 ] [ -1487801.15079 1577240.93375 7624959.92656 -5370665.66967 155185.5945 1061931.14867 ] [ 11901591.3041 723020.80809 -5370665.66967 20798304.39595 -2758245.43821 -2515304.14499 ] [ -1741520.48496 -2471351.02802 155185.5945 -2758245.43821 14031057.48602 -2863851.69158 ] [ -42732.23368 1051196.66032 1061931.14867 -2515304.14499 -2863851.69158 5579820.36213 ] ] ]

State
Pi 0.051309
A 0 0 0.965086 0 0.032288 0.002625 0 0 0 
