27
RIGHT_CHOP 1
Hmm v1.0

NbStates 6

State
Pi 0.501784
A 0.888538 0 0 0.023536 0.087925 0 
MultiGaussianOPDF [ [ 89.28111 4735.83688 1347.16642 ] [ [ 5232137.36889 -2351000.08426 -151846.2129 ] [ -2351000.08426 5431464.63716 791327.2046 ] [ -151846.2129 791327.2046 743660.08898 ] ] ]

State
Pi 0.024358
A 0 0.962877 0 0.037123 0 0 
MultiGaussianOPDF [ [ -5718.36921 -17722.47406 -2449.66704 ] [ [ 17061197.37852 7355285.81299 -2213236.44862 ] [ 7355285.81299 38190980.67013 -2317552.22802 ] [ -2213236.44862 -2317552.22802 23907741.08827 ] ] ]

State
Pi 0
A 0 0.307034 0.692966 0 0 0 
MultiGaussianOPDF [ [ -27256.1459 -23283.52216 -5635.43342 ] [ [ 36886790.33664 -885335.94457 3182211.42789 ] [ -885335.94457 74769084.4024 7290345.34677 ] [ 3182211.42789 7290345.34677 49169078.58151 ] ] ]

State
Pi 0.098898
A 0.029818 0.003808 0.006666 0.941232 0.018475 0 
MultiGaussianOPDF [ [ -6044.67586 -2614.31483 -1885.59575 ] [ [ 26419988.6601 7994325.8165 1814526.8352 ] [ 7994325.8165 19112221.69074 4334216.4363 ] [ 1814526.8352 4334216.4363 4596522.36612 ] ] ]

State
Pi 0.272151
A 0 0 0 0.04717 0.820173 0.132657 
MultiGaussianOPDF [ [ -6375.89481 9546.70447 -391.25337 ] [ [ 11677246.14751 535639.20517 1673125.18788 ] [ 535639.20517 18113260.98434 73979.56881 ] [ 1673125.18788 73979.56881 4277490.97477 ] ] ]

State
Pi 0.10281
A 0 0.000926 0.140886 0 0 0.858188 
MultiGaussianOPDF [ [ -25089.18541 9247.16329 -4125.18668 ] [ [ 48805707.13106 12974119.6584 8277772.62787 ] [ 12974119.6584 75572302.59282 -12137196.53468 ] [ 8277772.62787 -12137196.53468 21010930.36879 ] ] ]

LEFT_JAB 1
Hmm v1.0

NbStates 6

State
Pi 0.103433
A 0.807137 0 0.03643 0.030753 0 0.12568 
MultiGaussianOPDF [ [ 456.74076 551.11922 3112.62514 ] [ [ 1606059.86341 165891.78698 -61520.25864 ] [ 165891.78698 2137385.44528 -215667.32806 ] [ -61520.25864 -215667.32806 3109447.65413 ] ] ]

State
Pi 0.110146
A 0.00078 0.958068 0.021253 0.018777 0.000014 0.001109 
MultiGaussianOPDF [ [ 3905.23212 3525.75358 -2860.05837 ] [ [ 3061598.68026 1249165.22513 -208341.22282 ] [ 1249165.22513 2726233.2829 -301499.88397 ] [ -208341.22282 -301499.88397 1936087.78995 ] ] ]

State
Pi 0.137574
A 0.006866 0 0.853453 0 0.03727 0.10241 
MultiGaussianOPDF [ [ 6195.57865 -3287.66353 1942.33781 ] [ [ 17344544.83792 7835681.89025 -8923667.99973 ] [ 7835681.89025 23667138.34037 -1271070.20461 ] [ -8923667.99973 -1271070.20461 26657836.25415 ] ] ]

State
Pi 0.648847
A 0.051975 0.005556 0.062138 0.873452 0 0.006879 
MultiGaussianOPDF [ [ 5242.63685 3493.36885 1820.11121 ] [ [ 4682557.16924 80012.58716 347413.10137 ] [ 80012.58716 2393610.98369 532211.11593 ] [ 347413.10137 532211.11593 2526728.31134 ] ] ]

State
Pi 0
A 0 0.006814 0 0 0.921871 0.071315 
MultiGaussianOPDF [ [ -13161.82483 5614.03179 126.84117 ] [ [ 117579445.92225 37006607.34884 -36088596.2498 ] [ 37006607.34884 143241795.81576 -43811072.5789 ] [ -36088596.2498 -43811072.5789 95087232.09647 ] ] ]

State
Pi 0
A 0.05533 0 0 0 0.097917 0.846753 
MultiGaussianOPDF [ [ -5964.58589 224.89843 1757.01265 ] [ [ 17781646.25822 -4948613.50886 -4583779.10141 ] [ -4948613.50886 9342862.82471 5499857.62994 ] [ -4583779.10141 5499857.62994 7921221.82931 ] ] ]

LEFT_UPPERCUT 1
Hmm v1.0

NbStates 6

State
Pi 0
A 0.877475 0 0.077487 0.003022 0 0.042017 
MultiGaussianOPDF [ [ -16124.93658 2274.49561 -1252.13686 ] [ [ 67579226.69728 2175770.01191 31216995.1587 ] [ 2175770.01191 32155529.83843 -16834760.84767 ] [ 31216995.1587 -16834760.84767 98659517.43671 ] ] ]

State
Pi 0.499419
A 0.001975 0.900734 0.007466 0 0.083849 0.005976 
MultiGaussianOPDF [ [ 114.55517 1317.91414 -4989.79138 ] [ [ 4549410.20091 1145364.70378 -981011.89456 ] [ 1145364.70378 1495375.13009 -552889.41711 ] [ -981011.89456 -552889.41711 4878218.23956 ] ] ]

State
Pi 0.106095
A 0.00689 0.010893 0.91784 0 0.064376 0 
MultiGaussianOPDF [ [ -110.2595 -162.47377 263.54422 ] [ [ 12182127.81945 7676226.34587 -1280199.26294 ] [ 7676226.34587 15518628.93153 -2802965.41132 ] [ -1280199.26294 -2802965.41132 4992428.16739 ] ] ]

State
Pi 0
A 0.122345 0 0 0.875129 0 0.002526 
MultiGaussianOPDF [ [ -16642.05672 6641.93126 -28373.58456 ] [ [ 92481866.799 -23306242.1333 1424481.23292 ] [ -23306242.1333 93906115.94819 19332263.7495 ] [ 1424481.23292 19332263.7495 20276734.31141 ] ] ]

State
Pi 0.196704
A 0 0.015166 0 0 0.821519 0.163315 
MultiGaussianOPDF [ [ 6445.02041 5380.07824 -11672.81849 ] [ [ 7581383.7409 2695852.64885 1196670.97568 ] [ 2695852.64885 13917228.73117 -337731.63844 ] [ 1196670.97568 -337731.63844 24162456.04884 ] ] ]

State
Pi 0.197782
A 0.000691 0.034117 0 0.109418 0.003845 0.851928 
MultiGaussianOPDF [ [ -2319.57969 5161.64752 -16206.86973 ] [ [ 19026254.41864 6980253.00444 -6202775.346 ] [ 6980253.00444 23773814.71715 5571599.02915 ] [ -6202775.346 5571599.02915 41085900.71641 ] ] ]

SUMO_HEADBUTT 1
Hmm v1.0

NbStates 8

State
Pi 0
A 0.832123 0 0.055379 0 0 0.112497 0 0 
MultiGaussianOPDF [ [ -12256.48507 1038.53034 3853.67086 -10738.90248 646.91535 3944.92638 ] [ [ 134224961.10077 18226344.72423 -73582648.68316 22217399.71076 8850955.74317 1000070.85145 ] [ 18226344.72423 132369219.98293 -27052264.65029 -2141688.1892 -15089591.24597 10961995.38707 ] [ -73582648.68316 -27052264.65029 126404369.72519 -2960375.4313 6817435.64122 10989990.08494 ] [ 22217399.71076 -2141688.1892 -2960375.4313 102430631.76217 1919023.55004 -46454713.85153 ] [ 8850955.74317 -15089591.24597 6817435.64122 1919023.55004 100143421.32247 11273311.2841 ] [ 1000070.85145 10961995.38707 10989990.08494 -46454713.85153 11273311.2841 96389601.52837 ] ] ]

State
Pi 0.008789
A 0 0.896231 0.003909 0.003266 0 0.089635 0 0.006958 
MultiGaussianOPDF [ [ -1241.4678 -1766.61615 3348.04471 -685.08464 711.38579 3566.33436 ] [ [ 2748758.02621 -63082.91038 812227.57609 1737021.47706 -599604.42305 621344.86668 ] [ -63082.91038 6117325.51428 -318488.68552 -322347.94796 -3799918.77548 -1734227.28546 ] [ 812227.57609 -318488.68552 3875536.41201 1152274.50022 -698222.91032 2803110.35658 ] [ 1737021.47706 -322347.94796 1152274.50022 2495425.49892 40025.22613 783847.83599 ] [ -599604.42305 -3799918.77548 -698222.91032 40025.22613 5761479.88589 472701.19227 ] [ 621344.86668 -1734227.28546 2803110.35658 783847.83599 472701.19227 3910364.20546 ] ] ]

State
Pi 0.120372
A 0.008845 0.068992 0.720385 0.026081 0.017114 0.037036 0 0.121548 
MultiGaussianOPDF [ [ 985.66917 2839.856 200.80842 1050.78148 -682.46932 140.00665 ] [ [ 16109850.62786 -1212031.46057 7323145.82478 5836113.56153 6018131.43683 3009661.84375 ] [ -1212031.46057 9019505.47407 -3387205.02692 -95745.76402 170332.04669 -3610649.05807 ] [ 7323145.82478 -3387205.02692 9600535.90641 2367226.87842 3466910.53561 4075382.78919 ] [ 5836113.56153 -95745.76402 2367226.87842 15311521.14508 3055263.60187 -1206821.92866 ] [ 6018131.43683 170332.04669 3466910.53561 3055263.60187 15765509.92166 3871297.71671 ] [ 3009661.84375 -3610649.05807 4075382.78919 -1206821.92866 3871297.71671 9258801.37795 ] ] ]

State
Pi 0.147836
A 0 0.001069 0 0.965629 0.001983 0 0.003581 0.027738 
MultiGaussianOPDF [ [ 3369.58325 -353.50073 -492.22313 4270.03891 -1005.10449 795.23526 ] [ [ 2064768.93388 -1004354.92549 38631.96914 1280758.88382 -246343.10606 785898.46121 ] [ -1004354.92549 4550220.79443 -1853868.64132 -491128.49833 -1071050.70319 -2198307.8138 ] [ 38631.96914 -1853868.64132 2440654.70567 133142.47474 517207.36272 1424348.10709 ] [ 1280758.88382 -491128.49833 133142.47474 2432370.88472 -323967.66613 684722.8359 ] [ -246343.10606 -1071050.70319 517207.36272 -323967.66613 1941222.22911 828773.98104 ] [ 785898.46121 -2198307.8138 1424348.10709 684722.8359 828773.98104 3004188.03958 ] ] ]

State
Pi 0.507054
A 0 0.044576 0.012708 0.002768 0.912771 0 0.026424 0.000752 
MultiGaussianOPDF [ [ 3602.07831 2473.76354 2634.22044 4202.81664 -2220.25326 1339.92358 ] [ [ 2041682.9274 -755917.35833 723160.68397 1930613.79345 785432.92594 464274.4824 ] [ -755917.35833 2152894.32811 -1132262.2715 -899088.70622 -1802515.3803 -913152.05445 ] [ 723160.68397 -1132262.2715 2250611.28113 1390317.27871 1235201.50454 1414183.02219 ] [ 1930613.79345 -899088.70622 1390317.27871 2636345.05819 1010512.13128 746738.39831 ] [ 785432.92594 -1802515.3803 1235201.50454 1010512.13128 2466977.55882 910674.00345 ] [ 464274.4824 -913152.05445 1414183.02219 746738.39831 910674.00345 1368058.37691 ] ] ]

State
Pi 0
A 0.034426 0.090522 0.028266 0 0 0.839834 0 0.006953 
MultiGaussianOPDF [ [ -6807.2575 901.48533 1563.52277 -6306.6663 -1764.14063 3598.62348 ] [ [ 19194769.67617 -7547295.47864 -9659921.0934 9338683.45499 5489602.09404 -6321233.24856 ] [ -7547295.47864 38343147.12482 2508036.66668 -6889153.62448 -9240204.42141 7645558.09285 ] [ -9659921.0934 2508036.66668 13624902.98993 -6995990.48461 -2582081.14851 6220015.97807 ] [ 9338683.45499 -6889153.62448 -6995990.48461 18908470.95848 7710214.52323 -11456227.59334 ] [ 5489602.09404 -9240204.42141 -2582081.14851 7710214.52323 14485137.41223 -5872419.04695 ] [ -6321233.24856 7645558.09285 6220015.97807 -11456227.59334 -5872419.04695 10614055.24381 ] ] ]

State
Pi 0.103395
A 0 0 0.09019 0.002581 0.005799 0 0.90143 0 
MultiGaussianOPDF [ [ 3886.31735 5645.39396 5743.38645 6176.79976 -4651.2034 3106.14914 ] [ [ 5646488.35793 1393433.28844 1274322.39605 4187708.40402 1789091.28357 -17485.98644 ] [ 1393433.28844 6939501.68672 1906239.74585 1360068.78112 -2657708.56763 1051769.22878 ] [ 1274322.39605 1906239.74585 10064382.60121 5916542.08224 -1547012.22149 2938056.18311 ] [ 4187708.40402 1360068.78112 5916542.08224 8196167.20976 725718.56597 1117384.8388 ] [ 1789091.28357 -2657708.56763 -1547012.22149 725718.56597 10072985.43197 -3341875.09092 ] [ -17485.98644 1051769.22878 2938056.18311 1117384.8388 -3341875.09092 7499706.72253 ] ] ]

State
Pi 0.112553
A 0.08511 0.026684 0.000592 0.001696 0 0.034009 0 0.851909 
MultiGaussianOPDF [ [ 4466.9204 -4297.63402 -1356.69991 5219.99468 4470.06471 -17.08061 ] [ [ 14852071.56318 9160725.5549 -2815224.12436 7550028.59231 -1770503.57774 -1545904.276 ] [ 9160725.5549 19829696.88064 333677.07465 8539221.44853 -8299578.7193 -1711162.96949 ] [ -2815224.12436 333677.07465 14979226.01298 -1125852.65652 2231146.05484 7594635.93322 ] [ 7550028.59231 8539221.44853 -1125852.65652 15132263.04074 -4492707.62837 339380.59794 ] [ -1770503.57774 -8299578.7193 2231146.05484 -4492707.62837 22089012.68716 2277271.38089 ] [ -1545904.276 -1711162.96949 7594635.93322 339380.59794 2277271.38089 10666299.88837 ] ] ]

RIGHT_JAB 1
Hmm v1.0

NbStates 6

State
Pi 0
A 0.852196 0.121322 0.00089 0.016397 0 0.009195 
MultiGaussianOPDF [ [ 8345.88995 5084.76042 740.57279 ] [ [ 9756841.70639 -2944665.08039 1875418.52899 ] [ -2944665.08039 29383194.54206 -11348803.19478 ] [ 1875418.52899 -11348803.19478 11737734.86681 ] ] ]

State
Pi 0
A 0 0.787781 0 0.212219 0 0 
MultiGaussianOPDF [ [ -13744.83072 -719.59533 5176.26739 ] [ [ 70100592.93254 15134626.05419 -48935195.42402 ] [ 15134626.05419 51103412.56544 -3411105.03067 ] [ -48935195.42402 -3411105.03067 63446334.91601 ] ] ]

State
Pi 0.040798
A 0.000028 0 0.805232 0.182874 0.007022 0.004844 
MultiGaussianOPDF [ [ -726.54817 916.66374 2162.67443 ] [ [ 1925458.86952 685506.41622 -1013080.99114 ] [ 685506.41622 4195028.03239 -1354679.43657 ] [ -1013080.99114 -1354679.43657 2539156.33858 ] ] ]

State
Pi 0.016565
A 0 0.107004 0.176645 0.716351 0 0 
MultiGaussianOPDF [ [ -5119.89253 -119.12825 2231.23681 ] [ [ 9138116.46591 -2020035.7268 -5151464.85574 ] [ -2020035.7268 15220810.7162 2304805.20136 ] [ -5151464.85574 2304805.20136 7490866.51142 ] ] ]

State
Pi 0.72776
A 0.018503 0 0.002894 0 0.861171 0.117431 
MultiGaussianOPDF [ [ 4590.90205 -2274.6368 2119.12697 ] [ [ 2818924.01796 -802092.1715 -170597.11112 ] [ -802092.1715 2187843.44472 1471570.78896 ] [ -170597.11112 1471570.78896 2667512.98268 ] ] ]

State
Pi 0.214877
A 0.079786 0 0.18708 0 0.00204 0.731094 
MultiGaussianOPDF [ [ 5957.42544 834.19484 918.54252 ] [ [ 3424226.73187 -735863.07011 695808.96778 ] [ -735863.07011 3127355.5803 408278.65361 ] [ 695808.96778 408278.65361 1929827.61219 ] ] ]

RIGHT_HOOK 1
Hmm v1.0

NbStates 6

State
Pi 0.006623
A 0.876783 0 0 0.123217 0 0 
MultiGaussianOPDF [ [ -20708.67792 -3122.93034 -5605.81181 ] [ [ 43019491.33475 24321607.42422 12823039.22204 ] [ 24321607.42422 236413297.51856 23033551.00052 ] [ 12823039.22204 23033551.00052 47693016.88513 ] ] ]

State
Pi 0.172397
A 0.131247 0.865768 0 0.002985 0 0 
MultiGaussianOPDF [ [ -2638.06114 -16171.40727 -2236.5057 ] [ [ 36295198.41015 1609815.01317 477452.66384 ] [ 1609815.01317 24011423.81965 -9981455.10927 ] [ 477452.66384 -9981455.10927 31574225.49122 ] ] ]

State
Pi 0.310314
A 0 0.057613 0.89324 0 0 0.049148 
MultiGaussianOPDF [ [ 6470.80723 -6241.3536 -549.16616 ] [ [ 7746640.29011 1027108.46059 -4793554.91151 ] [ 1027108.46059 7576403.29786 -4216445.27302 ] [ -4793554.91151 -4216445.27302 13835712.58668 ] ] ]

State
Pi 0
A 0 0.006886 0 0.993114 0 0 
MultiGaussianOPDF [ [ -7734.5249 299.75603 2818.2502 ] [ [ 7832052.63215 -5383.07036 1118004.32612 ] [ -5383.07036 21918131.8307 -811698.89137 ] [ 1118004.32612 -811698.89137 9132607.52464 ] ] ]

State
Pi 0
A 0.00382 0 0 0.020196 0.975984 0 
MultiGaussianOPDF [ [ -7705.12086 -2575.75359 -12189.49395 ] [ [ 30265222.44397 -5211750.68851 5684182.647 ] [ -5211750.68851 6968082.27942 -2860286.28597 ] [ 5684182.647 -2860286.28597 8455910.25433 ] ] ]

State
Pi 0.510666
A 0 0.020404 0.000001 0.023532 0.093158 0.862906 
MultiGaussianOPDF [ [ 1530.92197 -5243.07984 -7071.22936 ] [ [ 6450704.33079 -1229844.91363 -2770367.53384 ] [ -1229844.91363 4194694.08686 1640816.45856 ] [ -2770367.53384 1640816.45856 9519146.17283 ] ] ]

DOUBLE_LARIAT 1
Hmm v1.0

NbStates 8

State
Pi 0.093407
A 0.926859 0.023342 0.005332 0 0 0.043358 0.001109 0 
MultiGaussianOPDF [ [ -5867.19275 4148.90049 1348.6099 -5797.68145 2479.51722 3503.78871 ] [ [ 7157995.46834 2833436.97432 1118358.72867 1556936.76254 -292863.98843 257002.35494 ] [ 2833436.97432 6742757.20226 213824.4588 437769.0573 2734058.21577 1352471.62121 ] [ 1118358.72867 213824.4588 2091883.70302 211078.28801 -250802.63648 160630.59833 ] [ 1556936.76254 437769.0573 211078.28801 7395789.41979 2049167.69202 2413576.12237 ] [ -292863.98843 2734058.21577 -250802.63648 2049167.69202 6311876.51785 2144259.11189 ] [ 257002.35494 1352471.62121 160630.59833 2413576.12237 2144259.11189 2939529.8647 ] ] ]

State
Pi 0.00022
A 0.008397 0.966363 0 0 0.014132 0.004067 0.001561 0.00548 
MultiGaussianOPDF [ [ -15441.42355 3280.1785 1252.10143 -14995.85911 -1407.15152 1254.22118 ] [ [ 22987899.60601 -1140470.38239 214732.90212 9258250.41196 -2646304.4917 1064151.11102 ] [ -1140470.38239 22276005.24636 -12742820.7767 2257450.28022 -10704466.48735 -4944512.54817 ] [ 214732.90212 -12742820.7767 23233075.11757 1341185.73547 10331905.15911 6770357.75328 ] [ 9258250.41196 2257450.28022 1341185.73547 25140568.22302 173721.81231 4791263.50487 ] [ -2646304.4917 -10704466.48735 10331905.15911 173721.81231 24022771.26574 6796533.91553 ] [ 1064151.11102 -4944512.54817 6770357.75328 4791263.50487 6796533.91553 7520053.65631 ] ] ]

State
Pi 0.362935
A 0.05763 0 0.930224 0.001577 0 0 0.010569 0 
MultiGaussianOPDF [ [ -1654.34587 3338.97475 2994.96031 -1110.9869 1705.12458 4495.16886 ] [ [ 1243732.83417 -284518.36321 -157420.76073 279372.2322 -439185.22533 -248234.98937 ] [ -284518.36321 2118955.27695 -410378.34483 -788750.74896 1300425.54211 317986.28207 ] [ -157420.76073 -410378.34483 567082.59496 202141.47657 -241010.65114 -102437.44965 ] [ 279372.2322 -788750.74896 202141.47657 2003597.79827 -1355137.09466 -119796.41979 ] [ -439185.22533 1300425.54211 -241010.65114 -1355137.09466 2268031.98247 406936.35613 ] [ -248234.98937 317986.28207 -102437.44965 -119796.41979 406936.35613 612741.10314 ] ] ]

State
Pi 0.346954
A 0 0 0.004896 0.940058 0 0 0.013412 0.041634 
MultiGaussianOPDF [ [ -1404.31503 -1636.17701 4530.64894 -1227.16293 -3560.5838 2646.11761 ] [ [ 2266494.21843 1382938.67022 151088.94975 1216675.27945 175470.70026 378261.34753 ] [ 1382938.67022 2464111.74709 -92637.7672 874858.41645 719984.15483 435465.84804 ] [ 151088.94975 -92637.7672 818272.14015 -167491.17671 -518004.65676 127582.76191 ] [ 1216675.27945 874858.41645 -167491.17671 1951230.8318 -44968.46974 -32783.86458 ] [ 175470.70026 719984.15483 -518004.65676 -44968.46974 1751738.05851 315364.06357 ] [ 378261.34753 435465.84804 127582.76191 -32783.86458 315364.06357 826136.80778 ] ] ]

State
Pi 0.099819
A 0 0.030868 0 0 0.96504 0 0 0.004091 
MultiGaussianOPDF [ [ -22576.88165 -2895.64027 4041.53973 -20966.51488 -1078.50839 5748.03492 ] [ [ 94145638.44946 1582517.66548 6864082.66933 79085922.71303 4911452.14073 -12141282.55769 ] [ 1582517.66548 70361514.99024 6738804.75049 -5681570.00328 22366364.26613 3321680.52486 ] [ 6864082.66933 6738804.75049 40653348.17443 10747373.48314 6514072.02847 8555478.23882 ] [ 79085922.71303 -5681570.00328 10747373.48314 116852743.92696 7290050.0814 -7568959.84517 ] [ 4911452.14073 22366364.26613 6514072.02847 7290050.0814 61837627.74967 2854766.86134 ] [ -12141282.55769 3321680.52486 8555478.23882 -7568959.84517 2854766.86134 42686747.3406 ] ] ]

State
Pi 0
A 0.009747 0.000472 0 0 0 0.973935 0 0.015846 
MultiGaussianOPDF [ [ -9340.90658 945.43283 513.39088 -9225.17783 -1329.79564 1009.89244 ] [ [ 3160456.80195 -249313.26829 -40303.79058 916297.34429 114066.45111 189035.30632 ] [ -249313.26829 1500505.79518 63754.48731 -234188.15466 239872.61625 -1415.53322 ] [ -40303.79058 63754.48731 1680603.45712 -91659.61826 87266.18767 229182.58562 ] [ 916297.34429 -234188.15466 -91659.61826 2907154.43795 -68202.76727 798899.54206 ] [ 114066.45111 239872.61625 87266.18767 -68202.76727 1080479.09812 216390.36966 ] [ 189035.30632 -1415.53322 229182.58562 798899.54206 216390.36966 1585794.27801 ] ] ]

State
Pi 0
A 0 0 0.009392 0.009477 0 0 0.980304 0.000828 
MultiGaussianOPDF [ [ -5247.4816 410.5418 5034.17816 -4524.6096 -1802.43567 4508.65075 ] [ [ 2395820.45606 1801.45404 -491779.42997 534576.24584 667133.46695 -42262.35683 ] [ 1801.45404 1487708.94592 -331247.52694 241140.83182 424053.50935 155875.4574 ] [ -491779.42997 -331247.52694 968771.56829 -226991.84889 -538225.0759 -124622.37125 ] [ 534576.24584 241140.83182 -226991.84889 1885110.50787 595019.24406 -696.56581 ] [ 667133.46695 424053.50935 -538225.0759 595019.24406 1734541.30621 408266.48806 ] [ -42262.35683 155875.4574 -124622.37125 -696.56581 408266.48806 630268.67327 ] ] ]

State
Pi 0.096665
A 0.000071 0.019973 0 0.005922 0.004651 0.033635 0 0.935748 
MultiGaussianOPDF [ [ -6959.04179 -2006.3662 1866.57514 -5090.7425 -4589.26486 745.10324 ] [ [ 8383821.15222 -4177236.80015 2122051.00879 2046927.97638 -609357.21594 570548.36171 ] [ -4177236.80015 7180487.06346 -2863836.34464 -605804.76115 1963132.95203 -456005.37161 ] [ 2122051.00879 -2863836.34464 4330563.47295 -703798.59976 29865.63166 884567.10536 ] [ 2046927.97638 -605804.76115 -703798.59976 6332315.98716 -1697539.17612 187296.0004 ] [ -609357.21594 1963132.95203 29865.63166 -1697539.17612 4070694.49597 685602.00284 ] [ 570548.36171 -456005.37161 884567.10536 187296.0004 685602.00284 1809501.31712 ] ] ]

LEFT_HOOK 1
Hmm v1.0

NbStates 6

State
Pi 0
A 0.941094 0 0.053233 0.005673 0 0 
MultiGaussianOPDF [ [ -6827.67687 -4822.71284 2895.72794 ] [ [ 37239683.06328 18477359.29419 678230.30793 ] [ 18477359.29419 20255491.09307 7731337.05643 ] [ 678230.30793 7731337.05643 12982172.0491 ] ] ]

State
Pi 0.366755
A 0.001476 0.93039 0.000011 0 0.067806 0.000317 
MultiGaussianOPDF [ [ 3786.77069 2933.66196 -5392.97679 ] [ [ 5314303.33726 1788219.92308 -988420.46897 ] [ 1788219.92308 4447791.33598 207911.70341 ] [ -988420.46897 207911.70341 5210343.06713 ] ] ]

State
Pi 0.251015
A 0 0.000042 0.97406 0.013208 0 0.012689 
MultiGaussianOPDF [ [ 1099.04078 9083.1998 4637.97158 ] [ [ 37419889.8701 -21199226.11301 -4771919.59295 ] [ -21199226.11301 42955554.02432 9607787.65984 ] [ -4771919.59295 9607787.65984 10981892.65772 ] ] ]

State
Pi 0
A 0.14679 0 0 0.849621 0 0.003589 
MultiGaussianOPDF [ [ -20963.55967 12576.79092 -72.3047 ] [ [ 64612098.73942 25119943.23583 -26393081.33036 ] [ 25119943.23583 190926990.05023 -60819395.41892 ] [ -26393081.33036 -60819395.41892 52698145.00463 ] ] ]

State
Pi 0.000011
A 0 0 0 0 0.996448 0.003552 
MultiGaussianOPDF [ [ -611.76617 5410.17735 -13816.91427 ] [ [ 36477580.12007 11454538.56387 8903552.3562 ] [ 11454538.56387 17037349.53805 3384555.36411 ] [ 8903552.3562 3384555.36411 14137215.0109 ] ] ]

State
Pi 0.382219
A 0 0.009054 0 0.12627 0.049367 0.815309 
MultiGaussianOPDF [ [ 2698.70217 13570.15196 -5956.34281 ] [ [ 32050533.5693 -19693586.11426 16301984.28146 ] [ -19693586.11426 31283943.04182 -15412676.59331 ] [ 16301984.28146 -15412676.59331 18809890.98692 ] ] ]

SONIC_BOOM 1
Hmm v1.0

NbStates 8

State
Pi 0.011873
A 0.874669 0.116515 0 0 0 0 0.000331 0.008485 
MultiGaussianOPDF [ [ -16709.51734 -685.99654 1083.97608 -18837.66145 3293.07437 1208.36113 ] [ [ 47639946.11025 -5346432.94643 -764651.5292 20523570.47599 -2714475.60119 2291306.13203 ] [ -5346432.94643 54892781.06801 10182379.73426 -11597337.63092 -29922501.73575 2648668.99919 ] [ -764651.5292 10182379.73426 15650476.04181 1658202.99301 -9699682.17634 6291891.96471 ] [ 20523570.47599 -11597337.63092 1658202.99301 46975593.44125 14802297.35466 1183786.34063 ] [ -2714475.60119 -29922501.73575 -9699682.17634 14802297.35466 63248468.08174 -5566473.60727 ] [ 2291306.13203 2648668.99919 6291891.96471 1183786.34063 -5566473.60727 12099329.84349 ] ] ]

State
Pi 0.013344
A 0 0.89858 0.097411 0.004009 0 0 0 0 
MultiGaussianOPDF [ [ -5214.20933 -8052.42481 1057.61319 -3645.05223 6658.2387 2701.54301 ] [ [ 19793171.96795 4277904.21425 4790141.90366 9952706.52322 -12327105.12245 2342821.0794 ] [ 4277904.21425 14583330.35028 1769112.5726 3358547.35979 -7005856.33125 1030912.36121 ] [ 4790141.90366 1769112.5726 7957681.12186 1307244.12102 -1892175.09612 202678.13763 ] [ 9952706.52322 3358547.35979 1307244.12102 13122275.60916 -9695441.52748 1004365.5503 ] [ -12327105.12245 -7005856.33125 -1892175.09612 -9695441.52748 28422364.77499 -5010775.20379 ] [ 2342821.0794 1030912.36121 202678.13763 1004365.5503 -5010775.20379 5604267.70793 ] ] ]

State
Pi 0.073558
A 0 0 0.96143 0.002973 0.024907 0.010691 0 0 
MultiGaussianOPDF [ [ -341.14098 807.82897 3293.66047 -298.77651 -1732.04828 3206.82859 ] [ [ 2108347.87553 396540.46771 -573315.40851 1890175.29003 -746601.60086 -309918.5513 ] [ 396540.46771 5534546.8527 -892787.57501 -163315.2088 -2829046.2614 -965363.85082 ] [ -573315.40851 -892787.57501 3004444.87193 -524270.53024 1486906.13348 1312518.94708 ] [ 1890175.29003 -163315.2088 -524270.53024 3525677.69857 22548.49639 -974875.68566 ] [ -746601.60086 -2829046.2614 1486906.13348 22548.49639 7222250.47311 1356544.62447 ] [ -309918.5513 -965363.85082 1312518.94708 -974875.68566 1356544.62447 2584462.43072 ] ] ]

State
Pi 0.139183
A 0.003977 0 0.000001 0.784096 0.03346 0.000012 0.178454 0 
MultiGaussianOPDF [ [ -6700.47901 6329.13106 213.54847 -8406.58904 -6343.45935 -1891.36123 ] [ [ 6597412.55197 859833.92292 188524.34365 2584513.40054 -1255422.91531 -1802506.27133 ] [ 859833.92292 11600807.74516 -2229963.45232 1649833.84337 -9428778.03824 -4720522.25803 ] [ 188524.34365 -2229963.45232 4538345.62817 -403722.28615 1942937.7669 2561142.84713 ] [ 2584513.40054 1649833.84337 -403722.28615 8489965.22131 -1598298.60531 -785111.63656 ] [ -1255422.91531 -9428778.03824 1942937.7669 -1598298.60531 13302759.60608 5388449.11618 ] [ -1802506.27133 -4720522.25803 2561142.84713 -785111.63656 5388449.11618 7507955.36411 ] ] ]

State
Pi 0.513939
A 0 0 0.003715 0.127069 0.869199 0 0.000017 0 
MultiGaussianOPDF [ [ -2974.15934 7071.23342 2368.58639 -2636.1767 -7829.04313 -224.92499 ] [ [ 2409700.08524 1631370.90217 -749017.50328 1822483.05453 -1034353.57789 -524916.74036 ] [ 1631370.90217 13987060.45682 -3712052.745 2352408.85216 -9325730.69774 -4865524.47647 ] [ -749017.50328 -3712052.745 5289410.19852 61295.48168 1221672.36068 3172193.12154 ] [ 1822483.05453 2352408.85216 61295.48168 3169363.98847 -2323154.4066 -425016.09671 ] [ -1034353.57789 -9325730.69774 1221672.36068 -2323154.4066 9673114.26704 3443470.32485 ] [ -524916.74036 -4865524.47647 3172193.12154 -425016.09671 3443470.32485 4576221.88728 ] ] ]

State
Pi 0.14
A 0 0 0.006624 0.00499 0.000527 0.987858 0 0 
MultiGaussianOPDF [ [ 968.01899 2645.90756 -2946.19372 2144.70233 -3243.77834 -4366.73677 ] [ [ 6150170.66875 -186610.01105 3312.08901 3647459.28226 -2117639.88288 1028443.0537 ] [ -186610.01105 2742952.79264 195455.07506 -1250400.18384 -1307156.89417 -1145732.17462 ] [ 3312.08901 195455.07506 4102863.97031 244779.11957 -224982.66281 3063616.62064 ] [ 3647459.28226 -1250400.18384 244779.11957 9916674.28733 -1038414.47904 189556.2837 ] [ -2117639.88288 -1307156.89417 -224982.66281 -1038414.47904 6085765.95469 2445235.4093 ] [ 1028443.0537 -1145732.17462 3063616.62064 189556.2837 2445235.4093 10165876.9674 ] ] ]

State
Pi 0.08729
A 0.056867 0 0 0 0.003419 0 0.865317 0.074397 
MultiGaussianOPDF [ [ -14563.03277 7994.20229 -962.74197 -16310.04073 -8732.23955 -2429.39724 ] [ [ 14308963.59632 1924199.11588 3276896.24162 7397995.94288 -4825535.50501 -193164.85639 ] [ 1924199.11588 12997956.06923 -1663512.5793 2874437.73398 -8851943.22167 -4865119.65834 ] [ 3276896.24162 -1663512.5793 7153430.07739 1268252.18695 -1042548.44581 3493703.40409 ] [ 7397995.94288 2874437.73398 1268252.18695 12618463.28283 -2905293.8068 -394165.96771 ] [ -4825535.50501 -8851943.22167 -1042548.44581 -2905293.8068 16259206.5938 3680491.35444 ] [ -193164.85639 -4865119.65834 3493703.40409 -394165.96771 3680491.35444 7513323.39892 ] ] ]

State
Pi 0.020811
A 0.053189 0 0 0 0 0 0.00585 0.940961 
MultiGaussianOPDF [ [ -24268.4381 7911.63671 -4663.28977 -28877.64316 -8682.92308 -5719.03228 ] [ [ 38271309.29002 -1218927.9715 9983823.24114 12397815.25654 1957388.90902 -753776.70162 ] [ -1218927.9715 20011606.14524 1772199.71873 -1558008.672 -8424234.68956 -2898905.13863 ] [ 9983823.24114 1772199.71873 17520763.8835 1343721.30739 4072059.41435 2228300.62132 ] [ 12397815.25654 -1558008.672 1343721.30739 13598317.80865 1198409.70802 -603077.41834 ] [ 1957388.90902 -8424234.68956 4072059.41435 1198409.70802 20115384.47703 274793.63373 ] [ -753776.70162 -2898905.13863 2228300.62132 -603077.41834 274793.63373 9484379.61294 ] ] ]

RIGHT_ONE_HUNDRED_HAND_SLAP 1
Hmm v1.0

NbStates 6

State
Pi 0.107331
A 0.86889 0 0.104488 0.010183 0.002208 0.01423 
MultiGaussianOPDF [ [ 1521.39215 -3227.22411 13200.68241 ] [ [ 6761407.06225 -3834409.41891 6069054.51704 ] [ -3834409.41891 8487502.26856 -3201508.48282 ] [ 6069054.51704 -3201508.48282 16538751.7562 ] ] ]

State
Pi 0.09492
A 0.000356 0.867976 0.131532 0 0 0.000136 
MultiGaussianOPDF [ [ -3436.89054 3048.67678 -8351.46139 ] [ [ 4602922.07281 -422666.09901 2461753.47035 ] [ -422666.09901 5210416.57935 -4666713.12487 ] [ 2461753.47035 -4666713.12487 13063518.792 ] ] ]

State
Pi 0.558127
A 0.079854 0.154329 0.650935 0.102031 0.000013 0.012839 
MultiGaussianOPDF [ [ -3929.84546 -751.85796 839.1853 ] [ [ 11597848.47712 -808530.69342 5182053.87607 ] [ -808530.69342 3015126.07597 -3985161.67753 ] [ 5182053.87607 -3985161.67753 11843172.33488 ] ] ]

State
Pi 0.199871
A 0.000522 0 0.055325 0.776915 0.106978 0.06026 
MultiGaussianOPDF [ [ -7460.4465 -4484.57593 10767.90627 ] [ [ 10100103.53703 -591358.01613 6446958.74925 ] [ -591358.01613 9921806.79654 -7227726.50727 ] [ 6446958.74925 -7227726.50727 30230577.70851 ] ] ]

State
Pi 0
A 0.04541 0 0 0.12721 0.82738 0 
MultiGaussianOPDF [ [ 532.97401 -6071.08446 23085.87065 ] [ [ 61961406.52387 -15646192.3016 442255.24897 ] [ -15646192.3016 25784422.39202 -7804692.20001 ] [ 442255.24897 -7804692.20001 15266128.5347 ] ] ]

State
Pi 0.039751
A 0.000212 0.013403 0.004955 0.111422 0 0.870009 
MultiGaussianOPDF [ [ -12835.25661 3028.10182 -11676.58667 ] [ [ 54120383.74866 4301271.56454 -4824295.31612 ] [ 4301271.56454 18409952.79163 -20667257.48827 ] [ -4824295.31612 -20667257.48827 80977838.02029 ] ] ]

SUCK_IT 1
Hmm v1.0

NbStates 8

State
Pi 0
A 0.534256 0.461386 0.004358 0 0 0 0 0 
MultiGaussianOPDF [ [ -17678.98386 8408.27663 -8596.77555 -13676.31363 -27003.53259 -14511.2893 ] [ [ 43099051.49143 -10087970.41923 13993703.46997 8456144.41742 6217819.94277 76873.27663 ] [ -10087970.41923 110330567.15226 -15106844.64035 9149405.15696 -579658.12702 -4984833.03881 ] [ 13993703.46997 -15106844.64035 33312460.74413 -4626568.51379 2450064.17604 -1711918.58412 ] [ 8456144.41742 9149405.15696 -4626568.51379 71090305.034 -5861669.73753 4633337.56782 ] [ 6217819.94277 -579658.12702 2450064.17604 -5861669.73753 47237034.2573 -463916.75294 ] [ 76873.27663 -4984833.03881 -1711918.58412 4633337.56782 -463916.75294 103060022.08146 ] ] ]

State
Pi 0
A 0.002203 0.728871 0 0 0.268925 0 0 0 
MultiGaussianOPDF [ [ -10666.66536 23706.27331 -14640.85733 -6301.81382 -17030.17024 -10354.10026 ] [ [ 60944385.94872 -3980997.80201 13288904.46853 3068327.17351 -6815177.68174 11966964.00787 ] [ -3980997.80201 90706592.88979 -10338506.9976 3402956.5979 -21025972.80202 -5872109.02166 ] [ 13288904.46853 -10338506.9976 125128796.16153 6357688.8722 -12602791.66275 27312721.55718 ] [ 3068327.17351 3402956.5979 6357688.8722 21515583.16674 2676176.58723 6344012.2214 ] [ -6815177.68174 -21025972.80202 -12602791.66275 2676176.58723 104989010.41944 13664866.23947 ] [ 11966964.00787 -5872109.02166 27312721.55718 6344012.2214 13664866.23947 60257342.1044 ] ] ]

State
Pi 0
A 0.28439 0.079805 0.619015 0.004179 0.010739 0 0 0.001871 
MultiGaussianOPDF [ [ -13737.96807 2535.98448 -6122.1155 -16097.00776 -7280.49016 -8463.69694 ] [ [ 24386737.86332 -6380016.05857 5710076.03178 9274773.87947 1819994.33337 7973076.0154 ] [ -6380016.05857 57130569.35776 -10257763.21247 15498562.23543 -24320785.37553 -2536342.97444 ] [ 5710076.03178 -10257763.21247 17197508.71442 1485136.16948 -789663.57284 6963741.21318 ] [ 9274773.87947 15498562.23543 1485136.16948 29726312.84645 -7057086.84244 6768329.30815 ] [ 1819994.33337 -24320785.37553 -789663.57284 -7057086.84244 55202600.72415 1821724.71482 ] [ 7973076.0154 -2536342.97444 6963741.21318 6768329.30815 1821724.71482 29921463.30221 ] ] ]

State
Pi 0.057199
A 0.001958 0 0.139135 0.818098 0.007441 0.023632 0.009368 0.000368 
MultiGaussianOPDF [ [ -7387.06736 -1084.7929 -3101.64813 -7384.97124 2242.64559 -2015.27242 ] [ [ 15520567.9942 -5009242.97204 7584562.42182 12718789.00357 2798569.9208 8001440.88587 ] [ -5009242.97204 13765184.28483 -5496142.59632 -5892430.20704 -12004607.584 -5344391.07017 ] [ 7584562.42182 -5496142.59632 7764192.2712 6274434.01137 3020146.92267 5751935.98261 ] [ 12718789.00357 -5892430.20704 6274434.01137 18490141.75145 7548366.53047 9822216.75763 ] [ 2798569.9208 -12004607.584 3020146.92267 7548366.53047 17335751.05657 6231922.57012 ] [ 8001440.88587 -5344391.07017 5751935.98261 9822216.75763 6231922.57012 8961378.67524 ] ] ]

State
Pi 0.050047
A 0.001332 0.00005 0.00642 0.069083 0.908691 0 0.014423 0 
MultiGaussianOPDF [ [ -4039.54722 10301.87719 -6611.01659 -4650.27891 -8670.6899 -6598.73067 ] [ [ 10409556.83207 220338.78444 5715583.59398 9466969.12563 -1971560.33012 2699300.90705 ] [ 220338.78444 38027906.53155 3824709.82087 -3787786.9401 -27461415.80454 -1141233.16782 ] [ 5715583.59398 3824709.82087 14599895.65048 8221177.52738 747808.0876 9565074.63175 ] [ 9466969.12563 -3787786.9401 8221177.52738 16868247.86545 4699188.07049 7647515.63363 ] [ -1971560.33012 -27461415.80454 747808.0876 4699188.07049 37436350.34581 5003514.29541 ] [ 2699300.90705 -1141233.16782 9565074.63175 7647515.63363 5003514.29541 16217027.72188 ] ] ]

State
Pi 0.370848
A 0 0 0 0.088473 0 0.751053 0 0.160474 
MultiGaussianOPDF [ [ -2119.66807 -6641.5209 -385.77882 -3608.89056 7426.48209 -584.15434 ] [ [ 7089308.41815 3076724.27764 828165.567 4873081.10255 -1271519.15133 862320.69989 ] [ 3076724.27764 12098456.89151 -1183982.20724 -2332117.5473 -5836015.45883 -1544455.81214 ] [ 828165.567 -1183982.20724 3461698.29772 1772786.91794 495460.88736 1302479.02238 ] [ 4873081.10255 -2332117.5473 1772786.91794 10724692.54731 817136.34722 1695577.42049 ] [ -1271519.15133 -5836015.45883 495460.88736 817136.34722 7748773.03779 1704659.00871 ] [ 862320.69989 -1544455.81214 1302479.02238 1695577.42049 1704659.00871 2908107.56439 ] ] ]

State
Pi 0.496072
A 0 0 0 0.024076 0 0.14935 0.826574 0 
MultiGaussianOPDF [ [ 513.77447 -1614.68466 -298.8603 146.29743 2452.98454 295.41404 ] [ [ 4849964.05942 1047010.01732 949302.65382 4884138.13287 -1303467.5505 548737.52043 ] [ 1047010.01732 5971079.45846 -1164911.32036 1701858.63051 -3733973.15676 -1092823.43552 ] [ 949302.65382 -1164911.32036 1798173.19777 565107.24144 853889.54095 892382.4799 ] [ 4884138.13287 1701858.63051 565107.24144 6180501.53544 -2392658.10856 273155.51486 ] [ -1303467.5505 -3733973.15676 853889.54095 -2392658.10856 4968615.32916 1322931.05583 ] [ 548737.52043 -1092823.43552 892382.4799 273155.51486 1322931.05583 1520501.0939 ] ] ]

State
Pi 0.025834
A 0 0 0.293667 0.007596 0 0 0 0.698737 
MultiGaussianOPDF [ [ -7158.66503 -7300.67305 -1536.50155 -12284.69252 7152.05314 -3788.99304 ] [ [ 30521906.16992 8120427.78583 -333731.34149 13938085.45572 1728643.30811 -6164.74265 ] [ 8120427.78583 18125392.76829 2039980.86047 1401720.40216 -16688389.10728 -1936152.27349 ] [ -333731.34149 2039980.86047 10452151.17649 530283.48675 1256292.31292 5425687.9173 ] [ 13938085.45572 1401720.40216 530283.48675 20812146.26181 6155498.17495 3785703.36194 ] [ 1728643.30811 -16688389.10728 1256292.31292 6155498.17495 34867150.09292 4925044.20187 ] [ -6164.74265 -1936152.27349 5425687.9173 3785703.36194 4925044.20187 9560981.92304 ] ] ]

LEFT_ONE_HUNDRED_HAND_SLAP 1
Hmm v1.0

NbStates 6

State
Pi 0.007474
A 0.772905 0.177001 0.000017 0 0.010309 0.039768 
MultiGaussianOPDF [ [ -10752.83027 -2688.96567 -15696.60032 ] [ [ 69148605.60482 -15274838.24263 26049282.45204 ] [ -15274838.24263 22149531.55196 -8442454.95241 ] [ 26049282.45204 -8442454.95241 43656221.27196 ] ] ]

State
Pi 0.086542
A 0.053057 0.820713 0.062032 0 0.064077 0.000121 
MultiGaussianOPDF [ [ -4915.30957 -2169.83372 -8411.33276 ] [ [ 10230929.75198 -3549876.97452 -10137480.79521 ] [ -3549876.97452 5822208.60594 6752187.02261 ] [ -10137480.79521 6752187.02261 26877135.41478 ] ] ]

State
Pi 0.604509
A 0.019136 0.13993 0.708762 0.084235 0.019816 0.028121 
MultiGaussianOPDF [ [ -2184.85758 1697.52817 6486.52113 ] [ [ 7587434.1419 313084.91262 332790.5562 ] [ 313084.91262 3920288.45593 3986075.61354 ] [ 332790.5562 3986075.61354 25510116.19424 ] ] ]

State
Pi 0.052667
A 0 0 0.144544 0.842865 0.012523 0.000068 
MultiGaussianOPDF [ [ 4011.52181 5108.4837 17866.10323 ] [ [ 15191407.65702 901032.67474 12644526.63342 ] [ 901032.67474 25297219.41467 -47306.59458 ] [ 12644526.63342 -47306.59458 33200325.50425 ] ] ]

State
Pi 0.207098
A 0.039012 0.089242 0 0.002702 0.758042 0.111002 
MultiGaussianOPDF [ [ -11098.02 2874.06748 7519.3284 ] [ [ 12749157.8291 260725.46637 1665443.91529 ] [ 260725.46637 9769593.46972 4369414.5003 ] [ 1665443.91529 4369414.5003 32216953.32663 ] ] ]

State
Pi 0.04171
A 0.000125 0.000012 0.025737 0.056174 0.081926 0.836027 
MultiGaussianOPDF [ [ -5035.83947 1670.57661 21511.05898 ] [ [ 20713945.92771 -1417072.1517 3886614.15432 ] [ -1417072.1517 14382973.29114 8060125.36236 ] [ 3886614.15432 8060125.36236 23174301.45897 ] ] ]

RIGHT_UPPERCUT 1
Hmm v1.0

NbStates 6

State
Pi 0
A 0.795703 0.204297 0 0 0 0 
MultiGaussianOPDF [ [ -22570.38929 4865.29504 -1419.13057 ] [ [ 43312926.34199 1446897.51402 3046449.58957 ] [ 1446897.51402 80697295.77721 43932319.59534 ] [ 3046449.58957 43932319.59534 117186785.20403 ] ] ]

State
Pi 0.007296
A 0 0.904755 0.027229 0.068016 0 0 
MultiGaussianOPDF [ [ -6241.86603 1306.85353 3645.95934 ] [ [ 48085644.65698 -4969585.81964 -23280857.92169 ] [ -4969585.81964 25057743.76853 1304934.8358 ] [ -23280857.92169 1304934.8358 23920763.84285 ] ] ]

State
Pi 0.699599
A 0 0.000003 0.859945 0.084802 0.055249 0 
MultiGaussianOPDF [ [ 1424.03233 -2881.31205 -11423.17124 ] [ [ 5631108.55036 185289.59338 415207.56593 ] [ 185289.59338 9228084.42634 1293800.27684 ] [ 415207.56593 1293800.27684 16846535.34679 ] ] ]

State
Pi 0.157836
A 0.009101 0 0.038993 0.944595 0.003298 0.004013 
MultiGaussianOPDF [ [ -7376.71207 -2252.33976 -15653.4666 ] [ [ 12363038.74467 1423270.42768 -1739209.41987 ] [ 1423270.42768 11863772.10908 1058163.60055 ] [ -1739209.41987 1058163.60055 21430802.51686 ] ] ]

State
Pi 0.025021
A 0 0 0.004003 0.017371 0.87658 0.102046 
MultiGaussianOPDF [ [ -4614.25856 -2219.03974 -26635.34184 ] [ [ 98848731.74665 -21005574.99896 39502508.87403 ] [ -21005574.99896 39678113.5003 -17610671.30248 ] [ 39502508.87403 -17610671.30248 39887030.00508 ] ] ]

State
Pi 0.110247
A 0.128219 0.000006 0 0 0 0.871775 
MultiGaussianOPDF [ [ -19892.65451 -14167.68248 -22186.08182 ] [ [ 93223013.58251 -4641430.18129 16504720.11749 ] [ -4641430.18129 17908440.43559 6885780.4637 ] [ 16504720.11749 6885780.4637 72432634.1203 ] ] ]

YMCA 1
Hmm v1.0

NbStates 8

State
Pi 0
A 0.930256 0.000975 0.000538 0.00157 0.00009 0.005843 0 0.060728 
MultiGaussianOPDF [ [ -1536.54822 409.62704 3280.84145 -959.24884 2094.22484 -12391.7919 ] [ [ 13917618.411 -6561889.51221 -10112944.6587 -9710539.39448 183710.20727 13245101.05094 ] [ -6561889.51221 8155275.91872 1616676.4122 4770280.05149 272540.11477 -8660610.83997 ] [ -10112944.6587 1616676.4122 21747957.95243 10667142.93451 677629.04176 -7793836.91004 ] [ -9710539.39448 4770280.05149 10667142.93451 49422148.86817 9811817.83743 -30065638.83239 ] [ 183710.20727 272540.11477 677629.04176 9811817.83743 16775670.38088 -6114037.28683 ] [ 13245101.05094 -8660610.83997 -7793836.91004 -30065638.83239 -6114037.28683 57686209.03226 ] ] ]

State
Pi 0
A 0 0.934145 0.001575 0.001802 0 0.058395 0 0.004082 
MultiGaussianOPDF [ [ 682.0689 3581.9955 -14274.23051 -55.91653 -203.89199 3598.26345 ] [ [ 32808373.84179 -382188.054 -6651155.05548 -3207162.34432 -219989.84703 2763293.41737 ] [ -382188.054 14839113.66542 -3188952.22143 1351803.02369 -39513.14544 -218009.83571 ] [ -6651155.05548 -3188952.22143 19356434.59894 3364930.33819 1751428.83667 -2440394.34889 ] [ -3207162.34432 1351803.02369 3364930.33819 10930995.54385 -747256.26859 -10596583.26116 ] [ -219989.84703 -39513.14544 1751428.83667 -747256.26859 2955992.51904 2651036.02335 ] [ 2763293.41737 -218009.83571 -2440394.34889 -10596583.26116 2651036.02335 14847421.8097 ] ] ]

State
Pi 0.018532
A 0 0.002036 0.933245 0.00014 0.040284 0.017584 0 0.006711 
MultiGaussianOPDF [ [ 1956.46863 1438.24291 -6123.8721 1575.75995 -895.21562 -6168.91234 ] [ [ 4111614.37715 1058089.41653 -806800.89004 2792381.77235 -1178113.87631 -1418680.69238 ] [ 1058089.41653 8179043.72177 -4410492.23755 -1618415.80941 -3967165.9961 -2505094.86863 ] [ -806800.89004 -4410492.23755 11985105.10915 1680023.23116 2855167.24531 7716664.93788 ] [ 2792381.77235 -1618415.80941 1680023.23116 4870664.16197 -96786.81306 -2044388.11267 ] [ -1178113.87631 -3967165.9961 2855167.24531 -96786.81306 4018013.59268 3384979.36462 ] [ -1418680.69238 -2505094.86863 7716664.93788 -2044388.11267 3384979.36462 13001847.16055 ] ] ]

State
Pi 0.35198
A 0.001982 0 0.00217 0.916618 0.01028 0.040346 0.012106 0.016496 
MultiGaussianOPDF [ [ 1621.97996 228.55188 2908.62188 3846.62182 -152.52989 2152.62267 ] [ [ 15250476.42681 6081406.52273 -6088317.35253 5450271.83864 -5658457.61727 428685.77126 ] [ 6081406.52273 7736245.64426 -3108927.57316 3017465.13419 -4561622.59733 -1203803.98884 ] [ -6088317.35253 -3108927.57316 8517150.48676 -1629689.21592 1414381.62651 1246113.57595 ] [ 5450271.83864 3017465.13419 -1629689.21592 5131028.21732 -4299601.40312 -1269689.10835 ] [ -5658457.61727 -4561622.59733 1414381.62651 -4299601.40312 8173279.14642 138682.88839 ] [ 428685.77126 -1203803.98884 1246113.57595 -1269689.10835 138682.88839 6188189.33689 ] ] ]

State
Pi 0.524404
