23
LEFT_ONE_HUNDRED_HAND_SLAP 0
LEFT_HOOK 1
Hmm v1.0

NbStates 4

State
Pi 0.231989
A 0.896451 0.103549 0 0 
MultiGaussianOPDF [ [ -1861.23188 5741.48371 216.04542 ] [ [ 2392990.25732 -237614.69936 -992858.86862 ] [ -237614.69936 2122057.15198 -224375.23541 ] [ -992858.86862 -224375.23541 1121241.29395 ] ] ]

State
Pi 0.768011
A 0 0.760998 0.239002 0 
MultiGaussianOPDF [ [ 5585.01342 6651.38408 -972.04249 ] [ [ 3733264.41631 -385708.6207 265072.09321 ] [ -385708.6207 4710776.57399 -2245998.95093 ] [ 265072.09321 -2245998.95093 3978612.20611 ] ] ]

State
Pi 0
A 0 0 0.780037 0.219963 
MultiGaussianOPDF [ [ 7227.56524 9042.62272 -7269.14824 ] [ [ 4212840.18814 604358.90395 2532482.148 ] [ 604358.90395 2841221.95135 -332339.58305 ] [ 2532482.148 -332339.58305 7809799.30319 ] ] ]

State
Pi 0
A 0 0 0 1 
MultiGaussianOPDF [ [ -2783.37618 8045.52044 -17875.10999 ] [ [ 35063276.96512 11487982.04952 1382506.58382 ] [ 11487982.04952 11026069.58222 -1546589.42751 ] [ 1382506.58382 -1546589.42751 12193198.3307 ] ] ]

RIGHT_ONE_HUNDRED_HAND_SLAP 0
DOUBLE_LARIAT 0
RIGHT_HOOK 0
NYAN_CAT 0
RIGHT_UPPERCUT 0
LEFT_JAB 1
Hmm v1.0

NbStates 4

State
Pi 0
A 1 0 0 0 
MultiGaussianOPDF [ [ -5673.81258 1259.4336 1184.55233 ] [ [ 15789026.62122 -498198.49299 -1703701.39526 ] [ -498198.49299 2583185.83529 1011859.2134 ] [ -1703701.39526 1011859.2134 2955092.28454 ] ] ]

State
Pi 0.863633
A 0.227264 0.570195 0.202491 0.00005 
MultiGaussianOPDF [ [ 3091.68154 3429.63883 1098.6889 ] [ [ 1758489.50515 241823.72242 -214998.45171 ] [ 241823.72242 1626740.89271 85669.5816 ] [ -214998.45171 85669.5816 1001415.6567 ] ] ]

State
Pi 0.038179
A 0 0.053613 0.812309 0.134077 
MultiGaussianOPDF [ [ 6073.31244 4519.32127 2691.31091 ] [ [ 1583385.5634 744704.93431 431234.41219 ] [ 744704.93431 1680420.27744 18166.39955 ] [ 431234.41219 18166.39955 1939795.44882 ] ] ]

State
Pi 0.098187
A 0 0.226967 0 0.773033 
MultiGaussianOPDF [ [ 7224.91807 2305.45132 1598.37074 ] [ [ 3545455.0261 465561.95234 643222.0219 ] [ 465561.95234 2566964.46221 -553954.21335 ] [ 643222.0219 -553954.21335 1341739.50918 ] ] ]

LEFT_CHOP 1
Hmm v1.0

NbStates 4

State
Pi 0.959462
A 0.745565 0.254435 0 0 
MultiGaussianOPDF [ [ 751.96792 -3400.13745 -748.96254 ] [ [ 5286662.98671 6885893.69949 -324346.55502 ] [ 6885893.69949 22245592.87285 -2118649.72471 ] [ -324346.55502 -2118649.72471 1509755.19825 ] ] ]

State
Pi 0.023108
A 0 0.758725 0.241275 0 
MultiGaussianOPDF [ [ -4814.55048 -8536.90545 -3377.94018 ] [ [ 8862473.78322 -501177.8899 2034173.99339 ] [ -501177.8899 7345309.562 965859.08623 ] [ 2034173.99339 965859.08623 2175251.55452 ] ] ]

State
Pi 0.01743
A 0 0 0.692258 0.307742 
MultiGaussianOPDF [ [ -12964.13728 -3061.56465 -5010.94807 ] [ [ 7714405.07328 -4415012.11514 1968335.18555 ] [ -4415012.11514 15177270.91844 2118509.54536 ] [ 1968335.18555 2118509.54536 2871934.09556 ] ] ]

State
Pi 0
A 0 0 0 1 
MultiGaussianOPDF [ [ -18080.03529 10251.75786 -5613.82379 ] [ [ 14049208.20333 2927072.2159 3381268.68953 ] [ 2927072.2159 42876606.15862 6754266.76971 ] [ 3381268.68953 6754266.76971 7042583.68047 ] ] ]

LEFT_UPPERCUT 1
Hmm v1.0

NbStates 4

State
Pi 0.922441
A 0.767955 0.232045 0 0 
MultiGaussianOPDF [ [ 3379.95544 3004.43635 -5080.48154 ] [ [ 2627847.79603 501021.49338 -2255276.23902 ] [ 501021.49338 752086.15878 -685338.61228 ] [ -2255276.23902 -685338.61228 2976369.67715 ] ] ]

State
Pi 0.077559
A 0 0.745785 0.251706 0.002509 
MultiGaussianOPDF [ [ 7634.96472 5989.8251 -9274.78883 ] [ [ 4589031.77445 1059260.3889 -138388.38553 ] [ 1059260.3889 2461996.90007 -2350906.40326 ] [ -138388.38553 -2350906.40326 6780109.55899 ] ] ]

State
Pi 0
A 0 0 0.709843 0.290157 
MultiGaussianOPDF [ [ 5585.90053 7047.19809 -16925.35404 ] [ [ 6860490.7059 1492610.18715 2392909.71507 ] [ 1492610.18715 1918258.27647 1136270.41133 ] [ 2392909.71507 1136270.41133 5112152.68403 ] ] ]

State
Pi 0
A 0 0 0 1 
MultiGaussianOPDF [ [ -2319.27153 4146.3308 -17679.82018 ] [ [ 8903076.18065 1100207.96801 -5449419.93398 ] [ 1100207.96801 2080122.10363 -725140.76468 ] [ -5449419.93398 -725140.76468 10023703.90449 ] ] ]

SONIC_BOOM 0
RIGHT_CHOP 0
RIGHT_JAB 0
PSYCHO_CRUSHER 0
LEFT_SHORYUKEN 0
TWO_HANDED_BLOCK 0
RIGHT_BLOCK 0
HADOUKEN 0
YMCA 0
TWO_HANDED_ONE_HUNDRED_HAND_SLAP 0
RIGHT_SHORYUKEN 0
LEFT_BLOCK 0
SUMO_HEADBUTT 0
