29
LEFT_SHORYUKEN 1
Hmm v1.0

NbStates 4

State
Pi 0.094712
A 0.906203 0 0.002988 0.090809 
MultiGaussianOPDF [ [ -7834.09103 5485.40485 -10550.58767 ] [ [ 6461364.09683 -2164295.04212 10190353.82763 ] [ -2164295.04212 7572059.55249 -11028747.54276 ] [ 10190353.82763 -11028747.54276 56029637.4912 ] ] ]

State
Pi 0.023809
A 0.182213 0.801215 0.011823 0.004748 
MultiGaussianOPDF [ [ -7920.09528 12462.62159 -32307.71344 ] [ [ 32335471.05412 7598650.84208 806677.16206 ] [ 7598650.84208 18445012.01258 -25737.41239 ] [ 806677.16206 -25737.41239 458850.75704 ] ] ]

State
Pi 0.672395
A 0.009304 0.104816 0.86995 0.01593 
MultiGaussianOPDF [ [ 4222.25828 6769.2935 -11831.52286 ] [ [ 18929862.80802 -1231101.70337 10522031.66365 ] [ -1231101.70337 60257776.27675 -37096844.08003 ] [ 10522031.66365 -37096844.08003 99520717.77828 ] ] ]

State
Pi 0.209084
A 0.002999 0 0.072006 0.924995 
MultiGaussianOPDF [ [ -95.39678 -1050.28965 -2162.29456 ] [ [ 6513934.70389 -3215073.47134 -2356351.21399 ] [ -3215073.47134 5893412.11102 864721.56748 ] [ -2356351.21399 864721.56748 4595533.02043 ] ] ]

PSYCHO_CRUSHER 0
QUADRUPLE_LARIAT 0
RIGHT_UPPERCUT 1
Hmm v1.0

NbStates 4

State
Pi 0
A 1 0 0 0 
MultiGaussianOPDF [ [ -9082.7517 -2893.86788 -11723.55938 ] [ [ 5337033.55433 917701.40671 2368365.69479 ] [ 917701.40671 1740614.79143 3830519.50569 ] [ 2368365.69479 3830519.50569 17395737.37668 ] ] ]

State
Pi 0.997856
A 0 0.743221 0.256779 0 
MultiGaussianOPDF [ [ 1102.99941 -2960.12759 -7679.08467 ] [ [ 2015503.90809 -319875.32483 -1335914.75264 ] [ -319875.32483 1626824.80991 1273779.36361 ] [ -1335914.75264 1273779.36361 5030574.09999 ] ] ]

State
Pi 0.002144
A 0 0 0.73786 0.26214 
MultiGaussianOPDF [ [ 1363.55301 -5075.61322 -15001.46503 ] [ [ 5665155.32333 457187.76675 -864171.41853 ] [ 457187.76675 2833849.65675 341173.79094 ] [ -864171.41853 341173.79094 11174066.65609 ] ] ]

State
Pi 0
A 0.256933 0 0 0.743067 
MultiGaussianOPDF [ [ -6396.82089 -4606.51287 -19630.06539 ] [ [ 14263473.31484 -470402.81484 2434923.59685 ] [ -470402.81484 3652646.6436 -92623.97775 ] [ 2434923.59685 -92623.97775 5840002.55868 ] ] ]

ARM_WINDMILL 0
SONIC_BOOM 1
Hmm v1.0

NbStates 5

State
Pi 0.841484
A 0.827947 0.007164 0.164889 0 0 
MultiGaussianOPDF [ [ -2900.73328 4899.03379 3917.93122 -2152.53995 -6775.19336 1114.91616 ] [ [ 1154417.63836 226464.3705 -59332.99011 630428.61528 174829.99819 191907.63931 ] [ 226464.3705 2809419.0786 56951.05148 261286.05271 -1492297.75941 -602793.35568 ] [ -59332.99011 56951.05148 2478969.3936 501445.99852 -1742113.25137 407295.62759 ] [ 630428.61528 261286.05271 501445.99852 922285.79811 -570288.45257 -20733.36886 ] [ 174829.99819 -1492297.75941 -1742113.25137 -570288.45257 3960420.05769 878674.90052 ] [ 191907.63931 -602793.35568 407295.62759 -20733.36886 878674.90052 1431435.46299 ] ] ]

State
Pi 0.158516
A 0.030498 0.923973 0.045528 0 0 
MultiGaussianOPDF [ [ -9710.20505 3003.51449 613.06775 -9117.77862 -3387.84637 715.50291 ] [ [ 12700370.61151 -1747988.34235 1072236.34853 11850281.32211 732230.01537 3938752.16336 ] [ -1747988.34235 13249099.36099 -2532075.63722 -5427397.12957 -7785785.95286 -2795777.5745 ] [ 1072236.34853 -2532075.63722 2793495.52672 2481832.43986 778207.23394 1690364.0289 ] [ 11850281.32211 -5427397.12957 2481832.43986 17795439.92917 3962625.82708 5587257.08445 ] [ 732230.01537 -7785785.95286 778207.23394 3962625.82708 8504665.42635 3915251.34467 ] [ 3938752.16336 -2795777.5745 1690364.0289 5587257.08445 3915251.34467 6560572.50454 ] ] ]

State
Pi 0
A 0 0 0.792121 0.207879 0 
MultiGaussianOPDF [ [ -3776.48181 8484.63661 1771.51499 -3074.89738 -9390.37099 -987.29593 ] [ [ 3997864.25358 769482.2836 639270.89309 4216273.7611 -71121.11377 1007106.72204 ] [ 769482.2836 3243519.79357 -880002.39175 1960305.41685 -1039348.39441 -377290.58843 ] [ 639270.89309 -880002.39175 4238481.63657 652946.52973 -567211.7158 1800287.91565 ] [ 4216273.7611 1960305.41685 652946.52973 6468489.33122 -796561.4181 1233993.94676 ] [ -71121.11377 -1039348.39441 -567211.7158 -796561.4181 2303895.43148 289831.30883 ] [ 1007106.72204 -377290.58843 1800287.91565 1233993.94676 289831.30883 2469604.71031 ] ] ]

State
Pi 0
A 0 0.013043 0 0.759649 0.227308 
MultiGaussianOPDF [ [ -10335.45683 9234.96701 -746.86172 -11869.34004 -10255.54335 -3521.32253 ] [ [ 9208426.68092 -1149421.53743 3624915.76163 7582782.9201 -1261606.39285 184050.4281 ] [ -1149421.53743 5325318.63195 -1960795.05932 1448115.77776 86322.95435 -2462970.80652 ] [ 3624915.76163 -1960795.05932 5765901.18957 1187592.11599 -1950546.92553 2061876.72108 ] [ 7582782.9201 1448115.77776 1187592.11599 13388662.4995 95307.04981 -591337.49524 ] [ -1261606.39285 86322.95435 -1950546.92553 95307.04981 3802441.4704 711092.40843 ] [ 184050.4281 -2462970.80652 2061876.72108 -591337.49524 711092.40843 4354630.29287 ] ] ]

State
Pi 0
A 0 0.014039 0 0 0.985961 
MultiGaussianOPDF [ [ -17849.52293 7779.71442 -1500.41911 -19083.95614 -8457.13047 -2551.5101 ] [ [ 11079813.31523 -2165100.34521 2289778.52062 7156616.97449 -1822442.90615 2350592.81062 ] [ -2165100.34521 13666177.97174 -1147662.95546 -1499934.37705 -8415272.03157 -7005037.4278 ] [ 2289778.52062 -1147662.95546 5447671.07136 2177705.69503 -1488369.50871 2940217.62353 ] [ 7156616.97449 -1499934.37705 2177705.69503 13087555.70117 4837965.42251 4988325.4743 ] [ -1822442.90615 -8415272.03157 -1488369.50871 4837965.42251 19803233.64028 6001086.42022 ] [ 2350592.81062 -7005037.4278 2940217.62353 4988325.4743 6001086.42022 9643060.25037 ] ] ]

TWO_HANDED_BLOCK 1
Hmm v1.0

NbStates 2

State
Pi 0.62745
A 0.998899 0.001101 
MultiGaussianOPDF [ [ 4484.2142 529.5746 358.13034 4101.9472 -12.15471 293.81641 ] [ [ 7304.86235 -16622.94331 -2436.72966 1687.49661 9349.69746 4669.55269 ] [ -16622.94331 106332.28778 -4867.96303 -1122.17574 -56547.58462 -40611.63447 ] [ -2436.72966 -4867.96303 95963.37906 9686.61462 10075.38172 23162.18702 ] [ 1687.49661 -1122.17574 9686.61462 8694.634 -368.33882 -5024.82579 ] [ 9349.69746 -56547.58462 10075.38172 -368.33882 59684.60863 27169.59402 ] [ 4669.55269 -40611.63447 23162.18702 -5024.82579 27169.59402 39730.38857 ] ] ]

State
Pi 0.37255
A 0.001637 0.998363 
MultiGaussianOPDF [ [ 3929.01132 1830.36433 76.93833 3322.23657 -1650.61992 -1045.76379 ] [ [ 14190.29645 -3464.05336 -7943.87001 9744.5335 6292.33452 5991.40073 ] [ -3464.05336 36428.08527 -7100.04362 -1130.50771 3550.66375 -17470.99048 ] [ -7943.87001 -7100.04362 43772.72573 -6851.11156 -5625.38261 2401.51261 ] [ 9744.5335 -1130.50771 -6851.11156 42173.9748 26498.70499 -6128.21953 ] [ 6292.33452 3550.66375 -5625.38261 26498.70499 51988.56707 -22716.58804 ] [ 5991.40073 -17470.99048 2401.51261 -6128.21953 -22716.58804 118374.29368 ] ] ]

LEFT_VAFANAPOLI_ATTACK 1
Hmm v1.0

NbStates 4

State
Pi 0
A 0.950559 0.049441 0 0 
MultiGaussianOPDF [ [ 2671.52761 390.43069 6167.86673 ] [ [ 1420492.63916 230979.18665 -1420981.96878 ] [ 230979.18665 1821967.98894 558470.86031 ] [ -1420981.96878 558470.86031 4515604.40361 ] ] ]

State
Pi 0.90613
A 0 0.733157 0.266843 0 
MultiGaussianOPDF [ [ 3095.99638 962.01309 1746.62347 ] [ [ 1025141.83632 457865.02179 136287.24567 ] [ 457865.02179 1025073.59873 362271.21184 ] [ 136287.24567 362271.21184 1110522.55552 ] ] ]

State
Pi 0.09387
A 0.164076 0.031398 0.705534 0.098992 
MultiGaussianOPDF [ [ 2362.68599 1762.76306 4050.61801 ] [ [ 985995.87275 104539.15812 -115313.55676 ] [ 104539.15812 571051.64821 100955.45093 ] [ -115313.55676 100955.45093 800205.78411 ] ] ]

State
Pi 0
A 0.020941 0.036681 0.000008 0.94237 
MultiGaussianOPDF [ [ -1408.71124 1905.57981 7299.21151 ] [ [ 3296367.83927 244685.60272 -1981461.88678 ] [ 244685.60272 1548607.41741 247529.01073 ] [ -1981461.88678 247529.01073 3530593.44203 ] ] ]

DOUBLE_LARIAT 0
LEFT_JAB 1
Hmm v1.0

NbStates 4

State
Pi 0.057716
A 0.892172 0 0 0.107828 
MultiGaussianOPDF [ [ 2175.29284 -4363.79405 6362.52538 ] [ [ 5714249.30462 -1352649.57789 -142326.90661 ] [ -1352649.57789 23395911.66272 -3148838.91872 ] [ -142326.90661 -3148838.91872 8085966.52557 ] ] ]

State
Pi 0
A 0 0.969295 0 0.030705 
MultiGaussianOPDF [ [ -13455.22916 7462.75244 -3827.28207 ] [ [ 53512907.13388 7129569.46091 11939539.00084 ] [ 7129569.46091 62308211.31483 -9370329.96849 ] [ 11939539.00084 -9370329.96849 22712082.73594 ] ] ]

State
Pi 0.942284
A 0.025824 0 0.907311 0.066864 
MultiGaussianOPDF [ [ 4960.60599 3397.98769 1589.77597 ] [ [ 5091097.2682 319557.7649 820382.69331 ] [ 319557.7649 2515941.6737 444827.66845 ] [ 820382.69331 444827.66845 1808873.7864 ] ] ]

State
Pi 0
A 0 0.115334 0 0.884666 
MultiGaussianOPDF [ [ -5031.79884 378.16558 909.63297 ] [ [ 16748779.17021 -551158.39522 -797802.16305 ] [ -551158.39522 3795583.23946 438107.26973 ] [ -797802.16305 438107.26973 2289305.43333 ] ] ]

RIGHT_JAB 1
Hmm v1.0

NbStates 4

State
Pi 0
A 1 0 0 0 
MultiGaussianOPDF [ [ -1108.43738 735.92363 1040.56608 ] [ [ 23645844.12581 4916117.91771 -6643109.43301 ] [ 4916117.91771 3775204.62313 -1516046.12077 ] [ -6643109.43301 -1516046.12077 2674113.01281 ] ] ]

State
Pi 0.983416
A 0 0.78442 0.184823 0.030756 
MultiGaussianOPDF [ [ 3519.43836 -2473.98761 1688.16831 ] [ [ 838610.50465 -39158.45157 233867.26434 ] [ -39158.45157 649362.63843 309258.51596 ] [ 233867.26434 309258.51596 1239819.60159 ] ] ]

State
Pi 0.016584
A 0 0 0.809857 0.190143 
MultiGaussianOPDF [ [ 6528.98749 -2125.65313 1301.64275 ] [ [ 747431.7887 480677.19202 -227277.45091 ] [ 480677.19202 1202904.88481 -175031.68596 ] [ -227277.45091 -175031.68596 820501.73872 ] ] ]

State
Pi 0
A 0.286628 0 0 0.713372 
MultiGaussianOPDF [ [ 5660.33371 1373.01524 1153.88285 ] [ [ 2109784.91992 43763.42804 -927514.14637 ] [ 43763.42804 1612823.39753 -176630.6454 ] [ -927514.14637 -176630.6454 2548998.59226 ] ] ]

HADOUKEN 1
Hmm v1.0

NbStates 5

State
Pi 0
A 1 0 0 0 0 
MultiGaussianOPDF [ [ 1233.0371 713.92971 -2625.40731 -187.83497 -813.15567 1959.79344 ] [ [ 19438247.78884 8205066.56983 13408019.93061 17110427.56476 6059202.17821 839892.24901 ] [ 8205066.56983 8053267.26508 8753777.59676 11162517.33046 1833569.47359 -1187535.58252 ] [ 13408019.93061 8753777.59676 20610583.53026 22346449.8437 3022202.43005 -4880610.96743 ] [ 17110427.56476 11162517.33046 22346449.8437 38613013.35204 5495860.04445 -9209022.781 ] [ 6059202.17821 1833569.47359 3022202.43005 5495860.04445 8169884.67733 -1157642.35527 ] [ 839892.24901 -1187535.58252 -4880610.96743 -9209022.781 -1157642.35527 9283659.86051 ] ] ]

State
Pi 0.700326
A 0.043688 0.897065 0.058689 0 0.000558 
MultiGaussianOPDF [ [ 560.46102 3082.72424 3297.62598 4288.10984 -2295.3932 -1758.6278 ] [ [ 1211956.37321 587813.32858 -1152024.88577 93094.41519 -550133.34966 578577.86486 ] [ 587813.32858 2485149.76592 -1591562.73439 774023.39774 -778571.02696 249735.39498 ] [ -1152024.88577 -1591562.73439 4042252.07928 1778700.33601 1332973.31 -581673.21775 ] [ 93094.41519 774023.39774 1778700.33601 4905165.79155 418230.61705 -282008.21162 ] [ -550133.34966 -778571.02696 1332973.31 418230.61705 1239553.95766 -325581.02101 ] [ 578577.86486 249735.39498 -581673.21775 -282008.21162 -325581.02101 1960015.09256 ] ] ]

State
Pi 0.002232
A 0 0.002637 0.882081 0.044605 0.070677 
MultiGaussianOPDF [ [ -125.50359 -3048.79485 5629.27246 5886.71828 -322.67666 -4781.99738 ] [ [ 3844306.05993 1396314.02721 867710.15175 929091.99072 -1406712.00018 2509423.03819 ] [ 1396314.02721 6397236.37624 2224022.79779 855854.59988 -2494209.34314 3334081.78068 ] [ 867710.15175 2224022.79779 3093855.59849 883628.24336 -1260414.66457 787860.97053 ] [ 929091.99072 855854.59988 883628.24336 3169300.34628 -554215.42308 728888.53671 ] [ -1406712.00018 -2494209.34314 -1260414.66457 -554215.42308 3522201.68392 -2193849.64333 ] [ 2509423.03819 3334081.78068 787860.97053 728888.53671 -2193849.64333 5640441.48716 ] ] ]

State
Pi 0
A 0 0 0 0.991402 0.008598 
MultiGaussianOPDF [ [ -6084.38289 -128.12639 2270.35442 -6895.89598 158.55852 -4289.6601 ] [ [ 27222452.1304 -10906503.95719 1318331.46342 15886104.20534 -2757910.01841 2066681.88398 ] [ -10906503.95719 37045044.94264 2181254.47448 -8507960.92367 -5651648.29863 -4650465.68873 ] [ 1318331.46342 2181254.47448 11497543.14727 962304.6089 -1562020.50078 -2148572.20249 ] [ 15886104.20534 -8507960.92367 962304.6089 33533852.70412 -6642335.00191 -670279.04075 ] [ -2757910.01841 -5651648.29863 -1562020.50078 -6642335.00191 10923463.91764 2094459.37793 ] [ 2066681.88398 -4650465.68873 -2148572.20249 -670279.04075 2094459.37793 7837031.01389 ] ] ]

State
Pi 0.297443
A 0.005062 0.004691 0.07702 0.100411 0.812816 
MultiGaussianOPDF [ [ -259.07551 -692.35233 4148.5346 1109.1041 -447.78499 -4308.99041 ] [ [ 1233505.22737 -9122.5884 -296916.9096 9328.79072 -265112.79425 362035.12865 ] [ -9122.5884 4333374.0801 -155941.43419 -598183.65782 -729879.43273 956836.19328 ] [ -296916.9096 -155941.43419 901160.56293 491706.75821 -187646.10104 137317.04721 ] [ 9328.79072 -598183.65782 491706.75821 3001886.65401 -275687.20207 -331677.85734 ] [ -265112.79425 -729879.43273 -187646.10104 -275687.20207 1316566.31737 -712753.35996 ] [ 362035.12865 956836.19328 137317.04721 -331677.85734 -712753.35996 1882376.49889 ] ] ]

TWO_HANDED_ONE_HUNDRED_HAND_SLAP 1
Hmm v1.0

NbStates 5

State
Pi 0.424361
A 0.726882 0.020554 0.023126 0.025335 0.204103 
MultiGaussianOPDF [ [ -7151.52182 602.68889 745.10061 -6148.93526 2526.30047 -4864.38055 ] [ [ 24592644.84031 -7422830.06503 -21702668.11806 8418768.63969 8701958.30014 -11531348.30153 ] [ -7422830.06503 20380375.41283 34638278.25326 2408910.73179 692412.09921 2593900.57391 ] [ -21702668.11806 34638278.25326 86876914.30571 2594780.24619 -2180123.79007 9291207.16472 ] [ 8418768.63969 2408910.73179 2594780.24619 9807218.91056 8430333.0074 -10682916.18482 ] [ 8701958.30014 692412.09921 -2180123.79007 8430333.0074 23821670.80658 -31735680.5582 ] [ -11531348.30153 2593900.57391 9291207.16472 -10682916.18482 -31735680.5582 55791850.91331 ] ] ]

State
Pi 0.575639
A 0.157336 0.598752 0.039099 0.204813 0 
MultiGaussianOPDF [ [ -4494.47661 -2546.69586 -4148.40957 -7700.53156 -7949.09033 11335.79916 ] [ [ 13268837.61043 -5903584.65406 -6084363.82691 4977722.97035 4457242.7311 -8966549.79003 ] [ -5903584.65406 7233222.54191 8271666.40581 -2009112.0785 -853297.48983 2118334.17772 ] [ -6084363.82691 8271666.40581 17821316.26347 -1792253.6762 1550286.67431 -588923.81922 ] [ 4977722.97035 -2009112.0785 -1792253.6762 14340926.23134 3471262.27288 -1073684.52334 ] [ 4457242.7311 -853297.48983 1550286.67431 3471262.27288 13739198.23965 -14192926.66439 ] [ -8966549.79003 2118334.17772 -588923.81922 -1073684.52334 -14192926.66439 39557882.06862 ] ] ]

State
Pi 0
A 0.018781 0.181462 0.770711 0 0.029046 
MultiGaussianOPDF [ [ -8980.00894 2639.26002 11878.21376 -8921.56436 -6860.90099 9070.43583 ] [ [ 4004287.08739 -229293.66008 -1126988.33567 707316.50444 199114.84306 1132798.13324 ] [ -229293.66008 7478614.61404 5341322.4559 -961659.03285 -992836.74548 354350.25507 ] [ -1126988.33567 5341322.4559 39722146.88125 1316874.91979 4391226.37903 -3828875.30389 ] [ 707316.50444 -961659.03285 1316874.91979 8408561.67335 -975736.92471 7699788.08367 ] [ 199114.84306 -992836.74548 4391226.37903 -975736.92471 29203704.29505 -37338616.43457 ] [ 1132798.13324 354350.25507 -3828875.30389 7699788.08367 -37338616.43457 67598212.82118 ] ] ]

State
Pi 0
A 0.071138 0.112505 0 0.816357 0 
MultiGaussianOPDF [ [ -1747.78238 -3965.32769 -18320.18057 -7463.61066 -8969.07071 17464.86092 ] [ [ 8239989.78208 922861.63173 -804636.05412 -418882.61503 2368179.59655 -1666476.5097 ] [ 922861.63173 12506811.38274 -3463760.48456 585664.29972 -239962.40461 1242922.85807 ] [ -804636.05412 -3463760.48456 26014625.8085 1221989.92882 1895506.12837 -3917399.44107 ] [ -418882.61503 585664.29972 1221989.92882 5475263.31606 -250042.47863 3753644.67704 ] [ 2368179.59655 -239962.40461 1895506.12837 -250042.47863 13716959.79213 -7916625.42937 ] [ -1666476.5097 1242922.85807 -3917399.44107 3753644.67704 -7916625.42937 30266035.80261 ] ] ]

State
Pi 0
A 0.020563 0 0.138076 0 0.841361 
MultiGaussianOPDF [ [ -10141.8009 4182.41332 17720.46139 -4883.53859 7455.12855 -14161.67755 ] [ [ 10351262.63301 2635195.97038 3262964.9986 -1317764.81351 -1060985.73068 6005050.7231 ] [ 2635195.97038 21319227.95091 2259070.83428 -4584549.1209 3637016.81442 -1978971.98479 ] [ 3262964.9986 2259070.83428 22117336.05139 -164311.3435 3481542.98412 -5883244.58454 ] [ -1317764.81351 -4584549.1209 -164311.3435 9421687.80532 423146.32355 -2828883.52648 ] [ -1060985.73068 3637016.81442 3481542.98412 423146.32355 13764992.42368 -8687352.44763 ] [ 6005050.7231 -1978971.98479 -5883244.58454 -2828883.52648 -8687352.44763 31668738.54846 ] ] ]

LEFT_HOOK 1
Hmm v1.0

NbStates 4

State
Pi 0.825779
A 0.77479 0.218615 0 0.006594 
MultiGaussianOPDF [ [ 3741.41858 6859.99497 -1254.43985 ] [ [ 13584440.47811 2060454.01324 -2418178.49877 ] [ 2060454.01324 3987650.60865 -1512200.65126 ] [ -2418178.49877 -1512200.65126 4119801.35927 ] ] ]

State
Pi 0.174221
A 0 0.732617 0.267383 0 
MultiGaussianOPDF [ [ 6588.81999 8510.34184 -7158.44737 ] [ [ 4017416.96159 1118010.77058 157313.45193 ] [ 1118010.77058 5479291.61934 -1878917.84682 ] [ 157313.45193 -1878917.84682 4405026.27601 ] ] ]

State
Pi 0
A 0 0 0.655994 0.344006 
MultiGaussianOPDF [ [ 3657.53326 8215.78942 -13123.02436 ] [ [ 7622500.93722 1717427.62156 -399653.89035 ] [ 1717427.62156 5494012.10335 -1399306.73502 ] [ -399653.89035 -1399306.73502 3988222.74727 ] ] ]

State
Pi 0
A 0 0 0 1 
MultiGaussianOPDF [ [ -4014.34744 5397.70714 -16299.66359 ] [ [ 23385739.18751 4635736.74176 -4318281.81515 ] [ 4635736.74176 12339286.6718 -5574060.49988 ] [ -4318281.81515 -5574060.49988 17092363.08434 ] ] ]

YMCA 0
LEFT_BLOCK 1
Hmm v1.0

NbStates 2

State
Pi 0.648676
A 0.994515 0.005485 
MultiGaussianOPDF [ [ 3749.69589 1737.38155 259.52857 ] [ [ 58220.37694 -1385.84211 -294.07149 ] [ -1385.84211 127429.8416 -72467.27731 ] [ -294.07149 -72467.27731 165497.86559 ] ] ]

State
Pi 0.351324
A 0 1 
MultiGaussianOPDF [ [ 4589.54025 594.1174 421.48074 ] [ [ 30364.9221 -41444.68349 -20825.87265 ] [ -41444.68349 277844.96653 -2519.72659 ] [ -20825.87265 -2519.72659 102956.20983 ] ] ]

RIGHT_SHORYUKEN 0
RIGHT_VAFANAPOLI_ATTACK 0
RIGHT_CHOP 1
Hmm v1.0

NbStates 4

State
Pi 0.163718
A 0.910879 0.089121 0 0 
MultiGaussianOPDF [ [ 506.34056 -1163.31517 -500.85538 ] [ [ 1682813.13741 -1075098.98141 144376.72749 ] [ -1075098.98141 14667497.58913 3904017.03481 ] [ 144376.72749 3904017.03481 1302981.18351 ] ] ]

State
Pi 0.836282
A 0 0.823568 0.172981 0.003451 
MultiGaussianOPDF [ [ 1768.10546 5205.93293 1483.85573 ] [ [ 1245447.91672 -2011940.10794 -320699.59276 ] [ -2011940.10794 5078477.19507 749576.9503 ] [ -320699.59276 749576.9503 457730.73276 ] ] ]

State
Pi 0
A 0 0 0.822043 0.177957 
MultiGaussianOPDF [ [ -4168.47183 4951.26446 169.55873 ] [ [ 5026834.21399 3827947.38304 1211932.56931 ] [ 3827947.38304 10684702.97752 1396153.23835 ] [ 1211932.56931 1396153.23835 690877.28957 ] ] ]

State
Pi 0
A 0 0 0 1 
MultiGaussianOPDF [ [ -10228.33369 -4044.86024 -2473.53281 ] [ [ 7230689.89799 5432079.48988 709409.2315 ] [ 5432079.48988 29794250.1464 5869665.19473 ] [ 709409.2315 5869665.19473 2929953.91381 ] ] ]

LEFT_UPPERCUT 1
Hmm v1.0

NbStates 4

State
Pi 0.155331
A 0.709731 0.027045 0.013818 0.249406 
MultiGaussianOPDF [ [ 5162.12101 8367.86901 -7191.85874 ] [ [ 23603038.86312 2722935.04185 -29410.58279 ] [ 2722935.04185 36910580.63841 -8765110.95309 ] [ -29410.58279 -8765110.95309 20909614.12211 ] ] ]

State
Pi 0.797282
A 0.172213 0.827787 0 0 
MultiGaussianOPDF [ [ 1460.19981 2078.41522 -4017.44855 ] [ [ 13121911.69157 5798456.02795 -3393711.6215 ] [ 5798456.02795 4668754.01352 -2164666.34486 ] [ -3393711.6215 -2164666.34486 7124421.15035 ] ] ]

State
Pi 0
A 0 0.035954 0.964046 0 
MultiGaussianOPDF [ [ -2050.17457 4111.16508 -17763.74783 ] [ [ 13796304.6955 3337826.45338 -4919333.83139 ] [ 3337826.45338 3345202.727 -920117.92646 ] [ -4919333.83139 -920117.92646 12245194.63188 ] ] ]

State
Pi 0.047387
A 0 0.018068 0.203187 0.778745 
MultiGaussianOPDF [ [ 6513.66816 6475.58708 -14419.83321 ] [ [ 4943576.14564 2494251.89266 -56165.39613 ] [ 2494251.89266 7575141.78523 -3477026.25525 ] [ -56165.39613 -3477026.25525 11143404.37004 ] ] ]

SUMO_HEADBUTT 0
SUCK_IT 0
LEFT_CHOP 1
Hmm v1.0

NbStates 4

State
Pi 0.019729
A 0.732032 0 0.267968 0 
MultiGaussianOPDF [ [ -6613.78686 -8349.57108 -2713.17159 ] [ [ 9406837.37136 1287045.84227 -1099786.62983 ] [ 1287045.84227 13935532.82119 1525635.02827 ] [ -1099786.62983 1525635.02827 6925028.73508 ] ] ]

State
Pi 0.968935
A 0.226844 0.773155 0.000001 0 
MultiGaussianOPDF [ [ -272.72093 -5022.99374 -501.21911 ] [ [ 5957455.96781 6941963.07323 -808038.78725 ] [ 6941963.07323 17832676.74438 -46066.96272 ] [ -808038.78725 -46066.96272 2285376.65056 ] ] ]

State
Pi 0.011336
A 0 0 0.726106 0.273894 
MultiGaussianOPDF [ [ -13959.03793 -2439.65414 -5522.21007 ] [ [ 9927171.16999 -6171120.5322 2622857.23328 ] [ -6171120.5322 23046713.64327 1704318.80741 ] [ 2622857.23328 1704318.80741 3878792.23132 ] ] ]

State
Pi 0
A 0 0 0 1 
MultiGaussianOPDF [ [ -16389.94613 11940.26148 -8259.54083 ] [ [ 25441658.54008 8097907.44573 361095.07486 ] [ 8097907.44573 39561062.1685 4269983.40951 ] [ 361095.07486 4269983.40951 20809525.16647 ] ] ]

RIGHT_ONE_HUNDRED_HAND_SLAP 1
Hmm v1.0

NbStates 4

State
Pi 0.046969
A 0.77754 0.00293 0.110074 0.109457 
MultiGaussianOPDF [ [ -7498.02089 -203.05526 -1349.76556 ] [ [ 3923752.66221 3383847.37981 -4653690.36046 ] [ 3383847.37981 5120283.10031 -6879662.07032 ] [ -4653690.36046 -6879662.07032 10873283.16609 ] ] ]

State
Pi 0
A 0 0.835438 0.164562 0 
MultiGaussianOPDF [ [ -6536.75568 -6956.74509 18837.90586 ] [ [ 14179248.91251 -2719714.05032 5248063.12361 ] [ -2719714.05032 7763716.1244 -2362667.63647 ] [ 5248063.12361 -2362667.63647 6904427.8067 ] ] ]

State
Pi 0.572596
A 0.13455 0.103634 0.761815 0 
MultiGaussianOPDF [ [ -8043.36203 -4696.48092 8685.40745 ] [ [ 13237142.61556 767680.41842 -2728996.26566 ] [ 767680.41842 4926922.76473 -4941071.85383 ] [ -2728996.26566 -4941071.85383 13940742.44403 ] ] ]

State
Pi 0.380435
A 0.139463 0.003439 0.003289 0.853809 
MultiGaussianOPDF [ [ -2678.16255 5494.45898 -8978.73038 ] [ [ 2522589.62596 1385193.70648 -592871.47637 ] [ 1385193.70648 4426297.03867 -4093558.73495 ] [ -592871.47637 -4093558.73495 7651672.88304 ] ] ]

RIGHT_BLOCK 1
Hmm v1.0

NbStates 2

State
Pi 0.616914
A 0.979804 0.020196 
MultiGaussianOPDF [ [ 3601.31033 -1015.92091 -129.82483 ] [ [ 194275.75792 293529.71611 -56264.05265 ] [ 293529.71611 728251.39995 -675.86208 ] [ -56264.05265 -675.86208 170477.47238 ] ] ]

State
Pi 0.383086
A 0.002396 0.997604 
MultiGaussianOPDF [ [ 3911.27608 -430.09299 147.75472 ] [ [ 4376.40999 11067.04899 991.42609 ] [ 11067.04899 56335.88728 12430.38216 ] [ 991.42609 12430.38216 42918.08286 ] ] ]

DISCO_STU 0
RIGHT_HOOK 1
Hmm v1.0

NbStates 4

State
Pi 1
A 0.823307 0 0.174315 0.002378 
MultiGaussianOPDF [ [ 1098.74587 -4975.43216 -4268.10384 ] [ [ 3565022.98519 -148845.39319 -371164.40075 ] [ -148845.39319 2013741.99414 782732.64131 ] [ -371164.40075 782732.64131 2387976.18856 ] ] ]

State
Pi 0
A 0 0.702182 0 0.297818 
MultiGaussianOPDF [ [ -3370.67873 -4332.45934 -11817.42979 ] [ [ 5129820.61168 -270261.32703 -277153.97593 ] [ -270261.32703 2404736.54434 -47171.7407 ] [ -277153.97593 -47171.7407 3532780.81221 ] ] ]

State
Pi 0
A 0 0.208314 0.791686 0 
MultiGaussianOPDF [ [ 1013.32725 -5368.80404 -8775.50871 ] [ [ 2924358.47917 -643757.23278 105458.541 ] [ -643757.23278 3955704.7322 35825.88388 ] [ 105458.541 35825.88388 2571391.1799 ] ] ]

State
Pi 0
A 0 0 0 1 
MultiGaussianOPDF [ [ -10318.20138 -3044.25923 -11896.71578 ] [ [ 8491628.89045 -551010.92005 1429781.3709 ] [ -551010.92005 3893820.12106 -1325432.03189 ] [ 1429781.3709 -1325432.03189 11129030.90424 ] ] ]

LEFT_ONE_HUNDRED_HAND_SLAP 1
Hmm v1.0

NbStates 4

State
Pi 0.177773
A 0.87505 0.123864 0 0.001086 
MultiGaussianOPDF [ [ -2967.60905 -4006.60738 -13097.73833 ] [ [ 9327459.52548 -1113336.40536 -4220819.71813 ] [ -1113336.40536 9925879.57127 1495067.88026 ] [ -4220819.71813 1495067.88026 16014201.33957 ] ] ]

State
Pi 0
A 0.134853 0.730283 0.134864 0 
MultiGaussianOPDF [ [ -9479.6906 292.494 -1749.67319 ] [ [ 8756695.69142 -3163618.99342 -5852154.51056 ] [ -3163618.99342 3905528.34389 5327677.54788 ] [ -5852154.51056 5327677.54788 20817733.37431 ] ] ]

State
Pi 0.822227
A 0.0026 0.140755 0.742886 0.113759 
MultiGaussianOPDF [ [ -9606.93518 3580.83592 9592.97367 ] [ [ 26695643.98143 557477.90749 -1498109.11105 ] [ 557477.90749 16059573.04985 -804308.28374 ] [ -1498109.11105 -804308.28374 20133309.47351 ] ] ]

State
Pi 0
A 0.004302 0 0.131617 0.86408 
MultiGaussianOPDF [ [ -7348.72877 2685.73156 21945.51632 ] [ [ 20520052.37658 -1510793.56974 5811644.29784 ] [ -1510793.56974 11042541.02486 2321837.70666 ] [ 5811644.29784 2321837.70666 13418452.17102 ] ] ]

NYAN_CAT 0
