27
RIGHT_CHOP -2271.891622916649 -230.5425531009843 1 
Hmm v1.0

NbStates 5

State
Pi 0.536389
A 0.873457 0.126354 0 0.000189 0 
MultiGaussianOPDF [ [ -398.89391 4662.62565 1045.50018 ] [ [ 5794799.33239 -2441325.05112 -88596.92951 ] [ -2441325.05112 7726250.5232 1638044.86352 ] [ -88596.92951 1638044.86352 1365227.88864 ] ] ]

State
Pi 0.280031
A 0.002082 0.792357 0 0.030019 0.175543 
MultiGaussianOPDF [ [ -7530.61053 9131.99729 -655.3151 ] [ [ 15203367.42746 1596120.98661 617801.51297 ] [ 1596120.98661 24939585.20964 686138.52348 ] [ 617801.51297 686138.52348 4244476.37575 ] ] ]

State
Pi 0.010793
A 0 0 0.768464 0.231536 0 
MultiGaussianOPDF [ [ -18154.18709 -23250.47757 -7632.82924 ] [ [ 118447934.25127 33796570.06477 6327670.74573 ] [ 33796570.06477 54572508.08976 3619315.14282 ] [ 6327670.74573 3619315.14282 63049966.38501 ] ] ]

State
Pi 0.106045
A 0.018777 0.01332 0.003415 0.964488 0 
MultiGaussianOPDF [ [ -5136.60512 -10043.34848 -3221.27371 ] [ [ 16282752.48016 257741.06613 1108653.72406 ] [ 257741.06613 39299292.72565 -2412160.93238 ] [ 1108653.72406 -2412160.93238 11479669.48169 ] ] ]

State
Pi 0.066742
A 0 0 0.192863 0.000219 0.806919 
MultiGaussianOPDF [ [ -25290.31815 7690.01504 -4810.61924 ] [ [ 46940567.07228 16397502.75762 15307582.39934 ] [ 16397502.75762 140422081.08317 10697706.47372 ] [ 15307582.39934 10697706.47372 35235976.68346 ] ] ]

LEFT_JAB -1933.5192610662086 -239.41599105366458 1 
Hmm v1.0

NbStates 5

State
Pi 0.103773
A 0.944941 0.0043 0.019284 0.0301 0.001375 
MultiGaussianOPDF [ [ 3807.70161 3481.75552 -2755.86774 ] [ [ 3040147.14175 1082673.25149 -235339.37644 ] [ 1082673.25149 2597149.78948 -375104.64851 ] [ -235339.37644 -375104.64851 1987654.47162 ] ] ]

State
Pi 0
A 0.002745 0.888182 0.003828 0 0.105244 
MultiGaussianOPDF [ [ -12218.68383 2575.14336 504.6252 ] [ [ 122706908.44835 -28627592.10875 -40844320.60894 ] [ -28627592.10875 127668416.20297 -3525306.6349 ] [ -40844320.60894 -3525306.6349 66764373.21334 ] ] ]

State
Pi 0.319415
A 0 0.071327 0.833618 0.001504 0.093551 
MultiGaussianOPDF [ [ 7080.34127 -3423.69991 1938.24115 ] [ [ 15372932.47383 2109343.45819 -7917126.94175 ] [ 2109343.45819 27134486.62193 2076869.57188 ] [ -7917126.94175 2076869.57188 23948807.84507 ] ] ]

State
Pi 0.568186
A 0.005522 0 0.079825 0.872623 0.04203 
MultiGaussianOPDF [ [ 5017.95211 3152.49874 1802.84177 ] [ [ 5948429.21664 620107.64936 -232951.62953 ] [ 620107.64936 2982102.77453 429529.72797 ] [ -232951.62953 429529.72797 2686251.28211 ] ] ]

State
Pi 0.008625
A 0 0.058679 0.002363 0.002519 0.936439 
MultiGaussianOPDF [ [ -3340.68249 -199.02389 2580.88336 ] [ [ 17751315.40707 -5615341.85149 -1911480.11005 ] [ -5615341.85149 8301675.22026 2252490.5809 ] [ -1911480.11005 2252490.5809 5219604.42043 ] ] ]

LEFT_UPPERCUT -1755.9335894499802 -313.59654480526905 1 
Hmm v1.0

NbStates 5

State
Pi 0.001451
A 0.931451 0.00917 0 0.054346 0.005033 
MultiGaussianOPDF [ [ -9822.72941 -2398.4636 424.07629 ] [ [ 43179422.39614 5401399.85188 5522320.405 ] [ 5401399.85188 19400871.8561 -4029202.25936 ] [ 5522320.405 -4029202.25936 39985073.80487 ] ] ]

State
Pi 0.14091
A 0.077796 0.912286 0.009916 0 0.000001 
MultiGaussianOPDF [ [ -11408.04274 13670.02261 -11563.27418 ] [ [ 154778845.35053 -8391356.45391 54777539.81485 ] [ -8391356.45391 48914508.38974 -5352371.95615 ] [ 54777539.81485 -5352371.95615 141793939.3417 ] ] ]

State
Pi 0.294382
A 0 0.001143 0.852075 0.018572 0.128211 
MultiGaussianOPDF [ [ 4146.10084 3927.85053 -13346.62251 ] [ [ 13544534.08859 4601658.49342 7070295.4624 ] [ 4601658.49342 10025590.66906 -2145380.17569 ] [ 7070295.4624 -2145380.17569 24765817.44026 ] ] ]

State
Pi 0.534594
A 0.002077 0.013534 0.076039 0.907637 0.000714 
MultiGaussianOPDF [ [ -291.65891 1243.59426 -4004.83369 ] [ [ 4753629.59773 907311.57664 232700.74048 ] [ 907311.57664 2373749.52205 -1385003.67743 ] [ 232700.74048 -1385003.67743 10448755.75978 ] ] ]

State
Pi 0.028663
A 0.074976 0.011261 0.001917 0.000001 0.911846 
MultiGaussianOPDF [ [ -7933.6501 161.71738 -22569.84497 ] [ [ 60874933.9156 2101547.77825 8805723.36848 ] [ 2101547.77825 17711154.75029 3724238.46634 ] [ 8805723.36848 3724238.46634 39854232.12022 ] ] ]

SUMO_HEADBUTT -3883.0227631750176 -742.648323278354 1 
Hmm v1.0

NbStates 8

State
Pi 0
A 0.803895 0 0 0.192675 0 0.003429 0 0 
MultiGaussianOPDF [ [ -11088.25109 1249.5555 1932.79956 -11885.81412 -1066.90802 2172.05345 ] [ [ 139186861.54826 -25801590.91802 -54272675.24307 15556492.18002 7491678.55431 4927960.05584 ] [ -25801590.91802 94973399.17559 2075763.85361 9828643.64636 -10212956.86589 1818302.56377 ] [ -54272675.24307 2075763.85361 74673068.62355 -4129807.1168 524848.30572 7690279.9939 ] [ 15556492.18002 9828643.64636 -4129807.1168 118811911.39676 17519076.10306 -31815567.13948 ] [ 7491678.55431 -10212956.86589 524848.30572 17519076.10306 89059962.25661 10267367.30305 ] [ 4927960.05584 1818302.56377 7690279.9939 -31815567.13948 10267367.30305 64067744.27907 ] ] ]

State
Pi 0.004055
A 0 0.943754 0 0.002349 0.000293 0.051535 0 0.002069 
MultiGaussianOPDF [ [ -1549.74645 -729.33766 4511.87404 -1193.98378 21.58852 4601.11014 ] [ [ 1760701.73916 -458215.89309 -217073.37844 1234759.79076 -107925.86936 -55885.41877 ] [ -458215.89309 6564185.95613 586208.69769 -605873.31907 -2888857.66726 -119853.0202 ] [ -217073.37844 586208.69769 3875936.5367 31097.7902 -1121118.66877 2568142.75464 ] [ 1234759.79076 -605873.31907 31097.7902 2166967.40005 430423.76106 -177306.57842 ] [ -107925.86936 -2888857.66726 -1121118.66877 430423.76106 5785146.06051 -253967.45169 ] [ -55885.41877 -119853.0202 2568142.75464 -177306.57842 -253967.45169 3555241.90499 ] ] ]

State
Pi 0.366145
A 0 0.000749 0.897689 0.006576 0.02114 0 0.026241 0.047604 
MultiGaussianOPDF [ [ 2212.56425 3545.32989 -1264.26279 3005.77514 -2896.95571 -1767.22194 ] [ [ 6797481.41279 221268.28248 925147.63379 5313742.44186 -607626.35953 314438.71625 ] [ 221268.28248 5322709.10036 130372.09909 546609.57105 -3723091.28492 -1636678.705 ] [ 925147.63379 130372.09909 2741196.32105 988376.85345 -719555.50993 1067934.1253 ] [ 5313742.44186 546609.57105 988376.85345 6274835.80196 -625359.90264 53746.99948 ] [ -607626.35953 -3723091.28492 -719555.50993 -625359.90264 4986553.16732 1173544.06517 ] [ 314438.71625 -1636678.705 1067934.1253 53746.99948 1173544.06517 3119241.81659 ] ] ]

State
Pi 0.018862
A 0.108614 0.12405 0 0.675846 0 0.085954 0 0.005536 
MultiGaussianOPDF [ [ -186.23306 -2580.64963 -129.52255 -429.53585 3432.23286 829.88705 ] [ [ 20539725.8524 -4464378.98759 -4355599.39482 2354280.28937 5024395.99377 -1415886.82709 ] [ -4464378.98759 23015834.93887 5116083.81333 -1173669.49756 -6944570.44616 1726324.62511 ] [ -4355599.39482 5116083.81333 15441062.97021 -2075909.08072 -2970292.44394 4934415.3671 ] [ 2354280.28937 -1173669.49756 -2075909.08072 12707306.76024 5649978.60054 -3492888.0649 ] [ 5024395.99377 -6944570.44616 -2970292.44394 5649978.60054 21191976.28755 -2589258.35811 ] [ -1415886.82709 1726324.62511 4934415.3671 -3492888.0649 -2589258.35811 10463660.3991 ] ] ]

State
Pi 0.321273
A 0 0.027848 0.00091 0.005483 0.910665 0.000101 0.010712 0.044281 
MultiGaussianOPDF [ [ 3606.63852 1222.83224 1796.69821 4303.35125 -1603.01676 1205.31465 ] [ [ 1427286.08668 223692.9232 469288.23507 1220511.27019 -107553.28179 78100.28081 ] [ 223692.9232 3483894.17482 1783922.20346 320671.37653 -1667800.44409 138442.07894 ] [ 469288.23507 1783922.20346 3398025.51827 807424.49194 -487826.28809 1161844.41885 ] [ 1220511.27019 320671.37653 807424.49194 1872995.16962 -242476.12107 146254.08861 ] [ -107553.28179 -1667800.44409 -487826.28809 -242476.12107 1685543.23104 90916.89127 ] [ 78100.28081 138442.07894 1161844.41885 146254.08861 90916.89127 1134486.42774 ] ] ]

State
Pi 0
A 0.04155 0.047121 0 0.079078 0 0.83225 0 0 
MultiGaussianOPDF [ [ -8062.23137 1398.89699 3346.45068 -7560.69313 -2044.16564 4293.86022 ] [ [ 20199430.81052 -4088275.21388 -12166593.029 5456322.97123 356912.23252 -3115851.83145 ] [ -4088275.21388 24963917.24656 585671.54117 -1647647.79408 -4478675.94251 3107138.35837 ] [ -12166593.029 585671.54117 16165760.33756 -4494052.45398 1342985.94373 3606150.12708 ] [ 5456322.97123 -1647647.79408 -4494052.45398 17955469.32043 3544506.59396 -11214237.66207 ] [ 356912.23252 -4478675.94251 1342985.94373 3544506.59396 10669611.85224 -3624882.59913 ] [ -3115851.83145 3107138.35837 3606150.12708 -11214237.66207 -3624882.59913 10508078.68068 ] ] ]

State
Pi 0.086954
A 0 0 0.007793 0.03044 0.011969 0 0.877324 0.072475 
MultiGaussianOPDF [ [ 4248.60347 6422.54108 5291.72863 6212.13275 -4657.03419 2482.15593 ] [ [ 6266093.89146 1426627.00058 -80184.29322 4109188.88517 2584214.18914 -878111.34874 ] [ 1426627.00058 9590673.97224 -861255.72487 1439844.53071 -3264593.689 -1596809.33567 ] [ -80184.29322 -861255.72487 10324541.03504 4463941.52933 -1482502.21402 3996654.1836 ] [ 4109188.88517 1439844.53071 4463941.52933 8585235.54499 613542.43369 225290.62066 ] [ 2584214.18914 -3264593.689 -1482502.21402 613542.43369 14326075.23643 -1814473.32201 ] [ -878111.34874 -1596809.33567 3996654.1836 225290.62066 -1814473.32201 8890370.77095 ] ] ]

State
Pi 0.202712
A 0 0 0 0.121618 0.015779 0 0.003954 0.858649 
MultiGaussianOPDF [ [ 5634.89939 -2121.58309 12.86881 6490.5648 1727.36857 421.97984 ] [ [ 6908845.29023 -798306.78515 157716.54738 3563901.48701 2124381.64467 -632435.58228 ] [ -798306.78515 9944413.74836 1398462.65256 860217.75113 -3962117.61869 64008.6025 ] [ 157716.54738 1398462.65256 7266558.87542 187191.80224 -557243.48101 3261047.98331 ] [ 3563901.48701 860217.75113 187191.80224 5340549.20747 1600965.99298 -867509.20692 ] [ 2124381.64467 -3962117.61869 -557243.48101 1600965.99298 13858019.0361 -1017672.86463 ] [ -632435.58228 64008.6025 3261047.98331 -867509.20692 -1017672.86463 6998599.36624 ] ] ]

RIGHT_JAB -932.1232532099765 -291.77077375989757 1 
Hmm v1.0

NbStates 5

State
Pi 0.185792
A 0.792186 0.194598 0.005756 0.007457 0.000003 
MultiGaussianOPDF [ [ 10555.96049 7081.00913 -80.20348 ] [ [ 16965871.82508 -1523593.18403 -745860.34951 ] [ -1523593.18403 55051721.24727 -4480209.252 ] [ -745860.34951 -4480209.252 18379137.47973 ] ] ]

State
Pi 0
A 0.000001 0.853148 0.14685 0 0 
MultiGaussianOPDF [ [ -12151.76341 -998.99019 1946.53482 ] [ [ 110111538.17007 50759877.90631 -36916952.75785 ] [ 50759877.90631 89095540.76853 -10037172.51667 ] [ -36916952.75785 -10037172.51667 52188027.47026 ] ] ]

State
Pi 0.025804
A 0 0.093567 0.900628 0.004483 0.001322 
MultiGaussianOPDF [ [ -2510.4073 491.73488 2357.20094 ] [ [ 10120496.0808 1958191.4846 -2513287.8534 ] [ 1958191.4846 6649665.93084 -1037816.92082 ] [ -2513287.8534 -1037816.92082 3780180.96909 ] ] ]

State
Pi 0.538005
A 0.011095 0 0.006801 0.85334 0.128765 
MultiGaussianOPDF [ [ 4836.34924 -2499.76163 1604.13865 ] [ [ 3649246.60481 -1155249.36067 51048.50512 ] [ -1155249.36067 2685157.03853 1656209.33943 ] [ 51048.50512 1656209.33943 3616773.80524 ] ] ]

State
Pi 0.250399
A 0.050712 0 0.144184 0.007873 0.797232 
MultiGaussianOPDF [ [ 6776.49367 1038.65324 341.6496 ] [ [ 4521260.05022 -810791.61778 165360.70599 ] [ -810791.61778 4471058.1395 53225.09714 ] [ 165360.70599 53225.09714 2678803.24923 ] ] ]

RIGHT_HOOK -1238.0257611008444 -306.64421221479626 1 
Hmm v1.0

NbStates 5

State
Pi 0.010081
A 0.907976 0 0 0.092024 0 
MultiGaussianOPDF [ [ -20853.99796 -8316.05609 -10715.72221 ] [ [ 64555938.70064 -10078130.7712 -2071508.51034 ] [ -10078130.7712 213142546.27689 45776502.68015 ] [ -2071508.51034 45776502.68015 105345471.00538 ] ] ]

State
Pi 0.788921
A 0 0.86657 0.054786 0.002085 0.076559 
MultiGaussianOPDF [ [ 4170.63637 -4808.78154 -4036.28557 ] [ [ 8963671.64546 54310.15198 -532716.2496 ] [ 54310.15198 4314732.66665 -1392767.44039 ] [ -532716.2496 -1392767.44039 11656223.0326 ] ] ]

State
Pi 0.192904
A 0.125875 0.003659 0.858954 0.003382 0.00813 
MultiGaussianOPDF [ [ 758.22824 -13600.85297 -5495.83208 ] [ [ 36558464.03322 15651981.65141 -1785442.12841 ] [ 15651981.65141 27279984.77718 -8278428.81675 ] [ -1785442.12841 -8278428.81675 41156022.91574 ] ] ]

State
Pi 0
A 0 0 0.003418 0.996582 0 
MultiGaussianOPDF [ [ -8756.8098 609.86658 1985.73327 ] [ [ 12839351.8521 -1907030.00154 2237878.35639 ] [ -1907030.00154 21920786.05869 851194.43949 ] [ 2237878.35639 851194.43949 9906036.53811 ] ] ]

State
Pi 0.008094
A 0.007692 0 0 0.054873 0.937434 
MultiGaussianOPDF [ [ -3908.34146 -2559.49364 -11284.74029 ] [ [ 34302661.33828 -1789059.42865 1117884.18031 ] [ -1789059.42865 7890302.61179 -2883331.73281 ] [ 1117884.18031 -2883331.73281 11276765.54672 ] ] ]

DOUBLE_LARIAT -7307.653902194903 -2348.9188336174575 1 
Hmm v1.0

NbStates 8

State
Pi 0.014338
A 0.947746 0 0.006141 0.011052 0.020206 0.007519 0.00248 0.004856 
MultiGaussianOPDF [ [ -13170.35782 1925.25708 4288.2071 -12054.76343 614.59751 4034.33271 ] [ [ 23718755.54984 5453572.47598 425534.15123 15816414.2599 3417287.37018 3781504.74082 ] [ 5453572.47598 13348275.65278 -1921328.28677 7617383.49282 5618904.76273 1643216.25875 ] [ 425534.15123 -1921328.28677 8294665.53151 -1894880.10922 -4285419.66163 495536.47226 ] [ 15816414.2599 7617383.49282 -1894880.10922 28588353.9454 6706375.12926 3338940.97054 ] [ 3417287.37018 5618904.76273 -4285419.66163 6706375.12926 16290061.42606 1688305.93838 ] [ 3781504.74082 1643216.25875 495536.47226 3338940.97054 1688305.93838 6875669.93858 ] ] ]

State
Pi 0.388496
A 0 0.928561 0.004646 0.054824 0 0 0 0.011968 
MultiGaussianOPDF [ [ -1424.45765 -1661.6444 4533.7842 -1193.38819 -3904.89992 2316.67981 ] [ [ 2432444.1155 1429907.34966 32000.89845 1150171.21558 650492.69406 619323.32357 ] [ 1429907.34966 2622662.64544 -219706.71357 910114.69504 1048649.00157 667801.56535 ] [ 32000.89845 -219706.71357 879431.22198 -115657.75051 -495833.29876 -8710.91758 ] [ 1150171.21558 910114.69504 -115657.75051 2542594.48071 72944.66566 -24125.57266 ] [ 650492.69406 1048649.00157 -495833.29876 72944.66566 3041936.80174 1410850.41724 ] [ 619323.32357 667801.56535 -8710.91758 -24125.57266 1410850.41724 1797468.09007 ] ] ]

State
Pi 0.421336
A 0.015025 0.001512 0.941965 0 0 0.014778 0.018509 0.008211 
MultiGaussianOPDF [ [ -2505.85023 4178.50015 2338.32379 -2573.66362 1801.11416 4515.01623 ] [ [ 4198828.95498 -282358.83585 642680.67888 2489249.57605 -745136.46375 253460.31012 ] [ -282358.83585 4009042.00671 -1073010.94655 -1639272.81236 1184645.04951 653037.84729 ] [ 642680.67888 -1073010.94655 1514036.10454 1327864.0944 -240169.32504 -131391.27888 ] [ 2489249.57605 -1639272.81236 1327864.0944 6277360.00177 -863665.93734 498849.16282 ] [ -745136.46375 1184645.04951 -240169.32504 -863665.93734 3003447.96411 556165.88053 ] [ 253460.31012 653037.84729 -131391.27888 498849.16282 556165.88053 1315114.58832 ] ] ]

State
Pi 0.115546
A 0.024315 0.0095 0 0.922896 0 0.019546 0.021504 0.002239 
MultiGaussianOPDF [ [ -7324.5168 -2047.67579 2892.5913 -5222.7984 -5818.24632 484.89065 ] [ [ 15732910.97065 -7513497.63487 1399772.87323 3925694.16629 1850721.55427 2096993.3773 ] [ -7513497.63487 12456719.21211 -2279858.70129 -250817.40948 605794.43888 -1198124.88318 ] [ 1399772.87323 -2279858.70129 5207596.80335 -980266.92395 -400110.53704 939580.51608 ] [ 3925694.16629 -250817.40948 -980266.92395 12940920.91594 590162.14737 454173.43197 ] [ 1850721.55427 605794.43888 -400110.53704 590162.14737 6616784.97227 1292270.73908 ] [ 2096993.3773 -1198124.88318 939580.51608 454173.43197 1292270.73908 4021261.49676 ] ] ]

State
Pi 0.060284
A 0.037311 0 0 0 0.955991 0.006698 0 0 
MultiGaussianOPDF [ [ -21755.22924 -2189.94889 4891.87634 -21290.09065 -1132.82131 5519.61602 ] [ [ 76818267.67441 2501828.37458 9469919.77966 52637658.4728 -1106046.68269 -5474395.20001 ] [ 2501828.37458 62045270.30462 7164838.39672 -3332906.22311 15319031.996 115135.99375 ] [ 9469919.77966 7164838.39672 36707874.60877 13005300.85546 5272067.69952 7219023.45858 ] [ 52637658.4728 -3332906.22311 13005300.85546 84275666.82248 3389595.59981 -2564522.43578 ] [ -1106046.68269 15319031.996 5272067.69952 3389595.59981 52934586.52739 3519428.1126 ] [ -5474395.20001 115135.99375 7219023.45858 -2564522.43578 3519428.1126 37633265.11548 ] ] ]

State
Pi 0
A 0.010328 0 0.007701 0.008703 0.002879 0.967648 0.002189 0.000552 
MultiGaussianOPDF [ [ -13474.49179 6847.24822 -397.12875 -12883.56808 -6914.33239 1777.50933 ] [ [ 28022761.34813 -229303.17159 3736607.8289 10566344.81583 9019466.86726 6239315.40093 ] [ -229303.17159 11246653.44649 -1815264.82031 974291.63647 -1726182.61362 1975039.52261 ] [ 3736607.8289 -1815264.82031 10282541.20151 1999069.33086 -1942711.41481 2858028.97333 ] [ 10566344.81583 974291.63647 1999069.33086 20838070.97694 2883398.29208 7368615.1332 ] [ 9019466.86726 -1726182.61362 -1942711.41481 2883398.29208 20032807.21904 1306299.53935 ] [ 6239315.40093 1975039.52261 2858028.97333 7368615.1332 1306299.53935 10113670.46518 ] ] ]

State
Pi 0
A 0.001571 0 0.003666 0.012051 0 0.001624 0.981088 0 
MultiGaussianOPDF [ [ -9118.25117 975.70009 593.29708 -8943.81094 -1248.32102 1101.1366 ] [ [ 3403722.22597 -89271.27289 140166.78711 1048457.69074 267271.01284 259704.03303 ] [ -89271.27289 1784613.55 74064.25723 -221473.39141 557104.54135 126912.24989 ] [ 140166.78711 74064.25723 1782033.50995 -85614.29543 30436.69741 222830.33854 ] [ 1048457.69074 -221473.39141 -85614.29543 3455363.12054 89077.12282 989458.12628 ] [ 267271.01284 557104.54135 30436.69741 89077.12282 1739629.46732 523899.48516 ] [ 259704.03303 126912.24989 222830.33854 989458.12628 523899.48516 1759118.46194 ] ] ]

State
Pi 0
A 0.001723 0.00604 0.007066 0.000951 0 0 0 0.98422 
MultiGaussianOPDF [ [ -5623.42684 1010.91576 5014.03645 -4998.0014 -2207.76729 4621.25568 ] [ [ 2824479.24056 -363069.54623 -518082.24839 1145406.25092 609673.33223 -241224.03603 ] [ -363069.54623 2360170.86785 -353141.22967 -142487.75948 32764.35747 390107.13371 ] [ -518082.24839 -353141.22967 1202499.46333 -253166.96788 -304946.88656 -138557.88038 ] [ 1145406.25092 -142487.75948 -253166.96788 2796460.9633 756341.67189 -330014.13643 ] [ 609673.33223 32764.35747 -304946.88656 756341.67189 1911930.38877 270652.03988 ] [ -241224.03603 390107.13371 -138557.88038 -330014.13643 270652.03988 897176.01881 ] ] ]

LEFT_HOOK -1697.1154423453227 -303.0595179600113 1 
Hmm v1.0

NbStates 5

State
Pi 0
A 0.955395 0.017243 0 0 0.027362 
MultiGaussianOPDF [ [ -8588.03375 -4990.35175 3191.73744 ] [ [ 42845589.36311 18528344.86308 -1981635.14495 ] [ 18528344.86308 25982898.12174 7597077.66323 ] [ -1981635.14495 7597077.66323 15836630.50001 ] ] ]

State
Pi 0.297343
A 0.002051 0.931993 0.0122 0 0.053756 
MultiGaussianOPDF [ [ -477.18094 4236.50138 414.20426 ] [ [ 33294078.71539 8120364.91838 11756449.46047 ] [ 8120364.91838 9916620.46833 2811225.20105 ] [ 11756449.46047 2811225.20105 11397983.17049 ] ] ]

State
Pi 0.446376
A 0.003816 0.037985 0.913878 0 0.044322 
MultiGaussianOPDF [ [ 4329.44837 2942.77164 -6260.35672 ] [ [ 8690252.86115 4784555.29083 -5832.72032 ] [ 4784555.29083 10335697.33805 1189503.64215 ] [ -5832.72032 1189503.64215 9835032.13494 ] ] ]

State
Pi 0
A 0.116483 0 0 0.883517 0 
MultiGaussianOPDF [ [ -23215.15968 12276.39836 -8893.64359 ] [ [ 61048556.76918 35096484.18823 8740040.06644 ] [ 35096484.18823 142888098.12359 -23978078.91704 ] [ 8740040.06644 -23978078.91704 124887839.32501 ] ] ]

State
Pi 0.256281
A 0.000004 0.006075 0 0.098922 0.894999 
MultiGaussianOPDF [ [ -1498.80232 12385.16897 -6973.52622 ] [ [ 32119743.24025 -1324878.22097 -1833447.38073 ] [ -1324878.22097 34759426.12049 18478857.34925 ] [ -1833447.38073 18478857.34925 71877448.7826 ] ] ]

SONIC_BOOM -3786.5087998432737 -883.0151112582206 1 
Hmm v1.0

NbStates 8

State
Pi 0.01307
A 0.915237 0.075202 0 0 0.009561 0 0 0 
MultiGaussianOPDF [ [ -9027.97109 -8837.56955 2697.89258 -8536.35586 6663.32581 3901.43606 ] [ [ 38976687.07143 7908084.89214 2090991.87291 21103848.26597 -15181417.78725 -4884491.84361 ] [ 7908084.89214 34025330.08775 2187171.68959 -250278.55626 -17038330.38872 -5547673.59496 ] [ 2090991.87291 2187171.68959 12016587.51082 -2666179.05553 -4210982.88103 2374059.82796 ] [ 21103848.26597 -250278.55626 -2666179.05553 27208358.53313 -3886391.1052 -4422812.26213 ] [ -15181417.78725 -17038330.38872 -4210982.88103 -3886391.1052 33247183.14162 369846.48973 ] [ -4884491.84361 -5547673.59496 2374059.82796 -4422812.26213 369846.48973 9615027.20575 ] ] ]

State
Pi 0.082363
A 0.006137 0.946623 0 0 0.044057 0.003184 0 0 
MultiGaussianOPDF [ [ -1624.20107 -705.74465 3538.39161 -1515.11423 128.47878 3584.10463 ] [ [ 4537269.28435 1569005.8301 545795.31739 3309705.69448 -2951320.72753 890749.45747 ] [ 1569005.8301 9772364.19297 982527.23039 971077.49853 -6730206.77423 -130184.43592 ] [ 545795.31739 982527.23039 3053845.71482 298184.17368 -245819.89102 727015.6515 ] [ 3309705.69448 971077.49853 298184.17368 4386528.22281 -2081768.03882 246030.74907 ] [ -2951320.72753 -6730206.77423 -245819.89102 -2081768.03882 12657834.49451 44596.52771 ] [ 890749.45747 -130184.43592 727015.6515 246030.74907 44596.52771 1861668.68602 ] ] ]

State
Pi 0.009708
A 0.207015 0 0.78435 0 0 0 0.004121 0.004514 
MultiGaussianOPDF [ [ -19898.30247 500.06585 1238.21004 -19679.49668 -582.62691 586.62628 ] [ [ 46755052.11788 -6710916.65914 8398507.66954 17872778.11609 -1881708.10431 2256209.47597 ] [ -6710916.65914 44573807.01054 3276168.1016 6734831.17768 -16738888.32116 2341865.00374 ] [ 8398507.66954 3276168.1016 28260751.92102 5706252.43159 -17494890.853 6018365.14462 ] [ 17872778.11609 6734831.17768 5706252.43159 39601852.77229 -1963483.02935 -638651.43214 ] [ -1881708.10431 -16738888.32116 -17494890.853 -1963483.02935 86826859.95317 3630530.07527 ] [ 2256209.47597 2341865.00374 6018365.14462 -638651.43214 3630530.07527 16353355.85135 ] ] ]

State
Pi 0.173925
A 0 0 0 0.795621 0.007724 0.001157 0.195498 0 
MultiGaussianOPDF [ [ -4166.37323 9253.70198 -1199.74455 -3995.87903 -9459.54595 -2398.89865 ] [ [ 10136011.40071 1112450.37035 -121203.54759 5768312.10304 -2826779.76343 -1676812.51607 ] [ 1112450.37035 13943055.60565 1532570.85713 3039732.33009 -7408847.89411 345552.26461 ] [ -121203.54759 1532570.85713 9316123.19479 -790345.9034 -2825424.504 1797419.7461 ] [ 5768312.10304 3039732.33009 -790345.9034 13073263.34287 -2625567.10353 676904.75956 ] [ -2826779.76343 -7408847.89411 -2825424.504 -2625567.10353 10562676.34696 265884.17008 ] [ -1676812.51607 345552.26461 1797419.7461 676904.75956 265884.17008 8271104.28821 ] ] ]

State
Pi 0.566902
A 0 0.005503 0 0.131595 0.860349 0.00247 0.000082 0 
MultiGaussianOPDF [ [ -3706.93074 4859.23911 1545.05355 -3714.59099 -5350.66847 116.95766 ] [ [ 4323544.93852 2290411.47509 1045550.29024 4347432.94761 -2613405.31963 524319.82843 ] [ 2290411.47509 6457675.76755 1224066.04617 2996995.74141 -5015079.12437 -361407.38498 ] [ 1045550.29024 1224066.04617 5737888.48228 1864693.25612 -3210211.22336 1975399.96275 ] [ 4347432.94761 2996995.74141 1864693.25612 7025641.85886 -3892585.02207 864599.08627 ] [ -2613405.31963 -5015079.12437 -3210211.22336 -3892585.02207 7718290.89845 -357859.15107 ] [ 524319.82843 -361407.38498 1975399.96275 864599.08627 -357859.15107 3323446.92694 ] ] ]

State
Pi 0.082166
A 0 0.003869 0 0.010913 0.000976 0.984242 0 0 
MultiGaussianOPDF [ [ 981.90378 2594.09383 -2633.15501 2193.27983 -3192.41382 -3894.11514 ] [ [ 5687876.45715 -135144.97904 66939.93819 3280890.36489 -1880295.51603 1029117.16821 ] [ -135144.97904 2335676.22527 229231.03812 -904127.99894 -1079223.33713 -1040228.62741 ] [ 66939.93819 229231.03812 4953575.65271 129600.77148 -216697.3845 4357523.82457 ] [ 3280890.36489 -904127.99894 129600.77148 8590449.96366 -1357016.60807 -516238.28293 ] [ -1880295.51603 -1079223.33713 -216697.3845 -1357016.60807 5242071.80004 2058089.38641 ] [ 1029117.16821 -1040228.62741 4357523.82457 -516238.28293 2058089.38641 11409614.38453 ] ] ]

State
Pi 0.055273
A 0 0 0.067445 0.003422 0 0 0.83772 0.091413 
MultiGaussianOPDF [ [ -12834.62525 8615.89695 -1696.3137 -14616.40802 -9208.13863 -2360.40789 ] [ [ 21136412.60606 826296.49953 -877816.15317 13298107.03723 -2302334.70705 -2618311.84801 ] [ 826296.49953 13105065.96604 -4180109.21055 4290292.45702 -9191413.01451 -3578725.37035 ] [ -877816.15317 -4180109.21055 9604837.03543 -5274905.60919 2015968.23982 3672951.86926 ] [ 13298107.03723 4290292.45702 -5274905.60919 28724753.70989 -5545941.46394 -6046153.83914 ] [ -2302334.70705 -9191413.01451 2015968.23982 -5545941.46394 17826197.74961 3307310.56594 ] [ -2618311.84801 -3578725.37035 3672951.86926 -6046153.83914 3307310.56594 8601213.4413 ] ] ]

State
Pi 0.016594
A 0 0 0.059408 0 0 0 0.002516 0.938076 
MultiGaussianOPDF [ [ -19229.16742 8968.16808 -6748.61919 -23539.65758 -9039.35228 -8091.25562 ] [ [ 78169407.21509 2391554.86418 2766004.16812 32983619.28696 686785.79845 -318918.66187 ] [ 2391554.86418 15835697.91517 -2657089.442 3018218.37419 -7114127.15002 -2845210.26763 ] [ 2766004.16812 -2657089.442 24167483.58983 -18823728.18707 1891990.66193 14178473.21576 ] [ 32983619.28696 3018218.37419 -18823728.18707 77033490.93045 3159192.27951 -26782934.46053 ] [ 686785.79845 -7114127.15002 1891990.66193 3159192.27951 20853040.30261 742731.79008 ] [ -318918.66187 -2845210.26763 14178473.21576 -26782934.46053 742731.79008 31415908.72803 ] ] ]

RIGHT_ONE_HUNDRED_HAND_SLAP -3800.8356279424247 -1108.8295400167906 1 
Hmm v1.0

NbStates 5

State
Pi 0.703323
A 0.738264 0.094975 0.066186 0.023964 0.076612 
MultiGaussianOPDF [ [ -4719.17063 -2641.76901 6109.7039 ] [ [ 14247349.25721 1584464.06042 -164997.21278 ] [ 1584464.06042 5998118.87508 -5630723.621 ] [ -164997.21278 -5630723.621 19127533.3821 ] ] ]

State
Pi 0.155129
A 0.105493 0.873578 0.017672 0.000294 0.002963 
MultiGaussianOPDF [ [ -4151.11263 2407.23961 -7178.72664 ] [ [ 5950512.36122 556076.32224 494912.38629 ] [ 556076.32224 5748514.0519 -6693182.63665 ] [ 494912.38629 -6693182.63665 20270754.666 ] ] ]

State
Pi 0.034932
A 0.01234 0.029837 0.850892 0.106912 0.000019 
MultiGaussianOPDF [ [ -11314.64031 4227.81876 -12714.79675 ] [ [ 46960939.58048 6191419.70742 -12967338.94779 ] [ 6191419.70742 24383196.69185 -23255358.8447 ] [ -12967338.94779 -23255358.8447 85187780.42681 ] ] ]

State
Pi 0.092061
A 0.051723 0.000494 0.016828 0.824885 0.10607 
MultiGaussianOPDF [ [ -5835.62137 -8985.7753 19343.73592 ] [ [ 107331344.30025 -7897502.4715 20335059.18082 ] [ -7897502.4715 40600125.82507 -5160450.73074 ] [ 20335059.18082 -5160450.73074 50191219.21902 ] ] ]

State
Pi 0.014555
A 0.166736 0 0.001924 0 0.83134 
MultiGaussianOPDF [ [ 107.17721 -3584.1055 17815.94957 ] [ [ 15113387.67541 -3658478.86149 -1293805.50068 ] [ -3658478.86149 11150932.40429 -3801578.74223 ] [ -1293805.50068 -3801578.74223 18726994.29769 ] ] ]

SUCK_IT -2659.729690465492 -583.8666782743215 1 
Hmm v1.0

NbStates 8

State
Pi 0
A 0.588107 0.393531 0.007187 0.011109 0.000067 0 0 0 
MultiGaussianOPDF [ [ -14691.82726 4699.6391 -6615.35019 -13307.70237 -18489.80978 -12665.44062 ] [ [ 41607381.31726 -33070381.78368 14577769.31221 16850991.24765 10685821.69566 15294249.67796 ] [ -33070381.78368 81975010.08637 -22536771.14156 -15510782.96462 9861423.35853 -13353469.18782 ] [ 14577769.31221 -22536771.14156 19422134.62881 4504798.29539 -673730.16736 7363083.09546 ] [ 16850991.24765 -15510782.96462 4504798.29539 44474676.25376 12086433.70394 11590991.82485 ] [ 10685821.69566 9861423.35853 -673730.16736 12086433.70394 87979991.53861 20157576.47554 ] [ 15294249.67796 -13353469.18782 7363083.09546 11590991.82485 20157576.47554 76168370.94564 ] ] ]

State
Pi 0
A 0 0.803984 0 0.011989 0.184027 0 0 0 
MultiGaussianOPDF [ [ -11006.33232 20150.31865 -13850.89108 -6601.20597 -17863.33116 -11983.13611 ] [ [ 51885399.32633 3935438.91073 12424105.05503 5974962.5607 10300023.39516 7600383.19557 ] [ 3935438.91073 89891567.63943 -4749546.12341 4150133.70239 -7491897.84914 7873185.37674 ] [ 12424105.05503 -4749546.12341 90800101.43576 5680238.13573 -9998097.95571 14581359.07446 ] [ 5974962.5607 4150133.70239 5680238.13573 26900388.77543 4383532.76521 4222889.13226 ] [ 10300023.39516 -7491897.84914 -9998097.95571 4383532.76521 98827239.52083 13734666.10134 ] [ 7600383.19557 7873185.37674 14581359.07446 4222889.13226 13734666.10134 69484095.22279 ] ] ]

State
Pi 0.080307
A 0.169152 0.001977 0.752921 0.011016 0 0.049966 0.005346 0.009623 
MultiGaussianOPDF [ [ -8766.37251 -834.48277 -3243.35942 -10096.17568 -380.75054 -4269.98911 ] [ [ 16166658.8443 -6326984.9833 4083322.90222 7155331.17098 2975729.33256 1128296.24861 ] [ -6326984.9833 14791750.24724 -3133104.74828 -1912017.05787 -6470133.07749 202855.7258 ] [ 4083322.90222 -3133104.74828 8913128.84572 3772582.26434 46860.31448 4460415.78108 ] [ 7155331.17098 -1912017.05787 3772582.26434 12440946.43712 5456474.33097 5754572.21816 ] [ 2975729.33256 -6470133.07749 46860.31448 5456474.33097 27564668.30251 7450955.11667 ] [ 1128296.24861 202855.7258 4460415.78108 5754572.21816 7450955.11667 10118264.77438 ] ] ]

State
Pi 0
A 0.301928 0.017109 0.014053 0.656807 0 0 0 0.010104 
MultiGaussianOPDF [ [ -15607.47051 1999.15299 -8939.02669 -19136.70366 -2883.83663 -6325.49135 ] [ [ 67176086.88876 -17172876.17432 14759352.36799 5524888.78786 8828563.87717 7180036.90702 ] [ -17172876.17432 66997248.50361 -32224947.59952 9288909.52925 16098612.37132 18077612.01964 ] [ 14759352.36799 -32224947.59952 57759449.50681 -7064169.21258 -16944341.80914 -11363180.70228 ] [ 5524888.78786 9288909.52925 -7064169.21258 86405628.41373 58235956.09515 24402846.25861 ] [ 8828563.87717 16098612.37132 -16944341.80914 58235956.09515 111515408.95734 34597783.60621 ] [ 7180036.90702 18077612.01964 -11363180.70228 24402846.25861 34597783.60621 38476686.309 ] ] ]

State
Pi 0.133995
A 0.00641 0.001454 0.046396 0.001193 0.899113 0 0.045434 0 
MultiGaussianOPDF [ [ -3547.4403 7887.8198 -6174.95043 -3821.84037 -6737.29393 -6066.82487 ] [ [ 10243405.87155 -385529.74084 4205821.59842 8297423.28357 -291049.7402 1586694.54812 ] [ -385529.74084 25831024.96619 647661.09683 -2387501.05481 -18851759.71256 -3426517.30078 ] [ 4205821.59842 647661.09683 13162464.35355 6069265.72172 4127195.67092 9515072.90374 ] [ 8297423.28357 -2387501.05481 6069265.72172 14480572.34244 3080414.16582 5401686.16497 ] [ -291049.7402 -18851759.71256 4127195.67092 3080414.16582 31354032.71064 7511078.05407 ] [ 1586694.54812 -3426517.30078 9515072.90374 5401686.16497 7511078.05407 16819425.78378 ] ] ]

State
Pi 0.299908
A 0.00054 0 0.091217 0.00114 0 0.778298 0 0.128805 
MultiGaussianOPDF [ [ -2990.71411 -6079.16174 -452.62243 -4380.90202 7350.04208 -531.30167 ] [ [ 8075484.08783 1095065.83037 1228608.16103 5021414.37472 369106.59244 583388.07735 ] [ 1095065.83037 10412964.65763 -933509.66925 -2155732.23738 -5304066.23384 -676831.02757 ] [ 1228608.16103 -933509.66925 3006101.82989 1423061.90776 480503.60281 917323.79328 ] [ 5021414.37472 -2155732.23738 1423061.90776 10397107.77213 2462395.09164 1529074.53965 ] [ 369106.59244 -5304066.23384 480503.60281 2462395.09164 9170549.47669 993203.17976 ] [ 583388.07735 -676831.02757 917323.79328 1529074.53965 993203.17976 2961267.4113 ] ] ]

State
Pi 0.463744
A 0 0 0.000095 0 0.00651 0.14196 0.851436 0 
MultiGaussianOPDF [ [ -283.10117 -1358.23437 -453.66136 -790.46101 2199.65946 -104.97178 ] [ [ 6105992.62762 -1003942.28227 1461269.26083 6158638.18132 635552.78687 1217850.31816 ] [ -1003942.28227 6887580.73401 -1810986.21702 -505259.09066 -5342921.90009 -1878583.65521 ] [ 1461269.26083 -1810986.21702 2155467.67562 1252374.99467 1711265.93554 1317323.96295 ] [ 6158638.18132 -505259.09066 1252374.99467 7390209.53614 -46854.0266 1285144.37147 ] [ 635552.78687 -5342921.90009 1711265.93554 -46854.0266 6757467.33125 1997943.44762 ] [ 1217850.31816 -1878583.65521 1317323.96295 1285144.37147 1997943.44762 2139707.45632 ] ] ]

State
Pi 0.022045
A 0.007107 0 0.000005 0.251841 0 0 0 0.741046 
MultiGaussianOPDF [ [ -9099.45848 -7414.10888 -1067.86458 -14411.6716 7178.70761 -2040.28474 ] [ [ 38940667.23812 -4335229.16836 7160782.59178 24561877.88843 7797970.19169 7279356.10544 ] [ -4335229.16836 20085118.18025 1218948.92497 -6824006.1088 -16198921.02337 -946246.55645 ] [ 7160782.59178 1218948.92497 8570482.64269 6965882.31085 572704.12116 5048089.87265 ] [ 24561877.88843 -6824006.1088 6965882.31085 49985061.22538 14752716.99676 9581415.98802 ] [ 7797970.19169 -16198921.02337 572704.12116 14752716.99676 35127231.99539 1850315.33951 ] [ 7279356.10544 -946246.55645 5048089.87265 9581415.98802 1850315.33951 12356705.50413 ] ] ]

LEFT_ONE_HUNDRED_HAND_SLAP -3921.2256328805024 -1218.2651477740083 1 
Hmm v1.0

NbStates 5

State
Pi 0.030336
A 0.845373 0.03231 0.004491 0.094002 0.023825 
MultiGaussianOPDF [ [ -12626.81203 -4176.09971 -7283.7603 ] [ [ 65184838.13407 -30481609.78885 -17592883.16221 ] [ -30481609.78885 74249148.12658 38116718.86982 ] [ -17592883.16221 38116718.86982 194991118.18172 ] ] ]

State
Pi 0.115017
A 0.025911 0.874722 0.098635 0.000731 0 
MultiGaussianOPDF [ [ -4473.0029 -2891.0177 -10074.93545 ] [ [ 10533983.14261 -2220669.37453 -7098211.04706 ] [ -2220669.37453 7975839.67747 4348115.23117 ] [ -7098211.04706 4348115.23117 27376197.46646 ] ] ]

State
Pi 0.68969
A 0.043455 0.137365 0.699975 0.06593 0.053275 
MultiGaussianOPDF [ [ -6157.5518 1835.43039 4895.02699 ] [ [ 18884442.13834 -486091.19923 504375.00418 ] [ -486091.19923 5331050.02394 4613457.94242 ] [ 504375.00418 4613457.94242 18425864.86329 ] ] ]

State
Pi 0.07867
A 0.011178 0.00168 0.085666 0.838747 0.062729 
MultiGaussianOPDF [ [ -7340.90771 3187.58298 19897.53049 ] [ [ 20910612.83535 -715181.46598 12232814.39826 ] [ -715181.46598 19146389.26341 5744607.19932 ] [ 12232814.39826 5744607.19932 30257985.91919 ] ] ]

State
Pi 0.086287
A 0.006532 0 0.131682 0.002228 0.859559 
MultiGaussianOPDF [ [ 1671.57896 5614.24566 16875.02625 ] [ [ 17541789.10268 2468885.94707 11519374.63795 ] [ 2468885.94707 26943975.35159 2279446.72332 ] [ 11519374.63795 2279446.72332 23850654.7813 ] ] ]

RIGHT_UPPERCUT -1364.3586046527084 -304.2385888716848 1 
Hmm v1.0

NbStates 5

State
Pi 0
A 0.966206 0.020658 0.004047 0.003305 0.005785 
MultiGaussianOPDF [ [ -14456.13774 2651.51535 1102.33511 ] [ [ 66877865.99931 -7554207.77885 10169355.02225 ] [ -7554207.77885 37755145.73415 10130666.73971 ] [ 10169355.02225 10130666.73971 41114034.72789 ] ] ]

State
Pi 0.648539
A 0.001233 0.818536 0.180232 0 0 
MultiGaussianOPDF [ [ 1002.55766 -2140.71484 -5897.74096 ] [ [ 4270540.05921 664011.3082 -2114159.61282 ] [ 664011.3082 4046287.34172 2815284.97423 ] [ -2114159.61282 2815284.97423 14273026.02435 ] ] ]

State
Pi 0.200476
A 0 0.004809 0.798966 0.106945 0.08928 
MultiGaussianOPDF [ [ 1741.60762 -3520.24916 -16225.17753 ] [ [ 14327737.87107 209563.35309 4555367.36327 ] [ 209563.35309 21139854.10848 -1362904.862 ] [ 4555367.36327 -1362904.862 34508888.87001 ] ] ]

State
Pi 0.081664
A 0.054182 0.00189 0.025551 0.915958 0.002419 
MultiGaussianOPDF [ [ -9298.63769 -2381.08453 -17591.95418 ] [ [ 15188825.11267 -2282213.90126 184377.27791 ] [ -2282213.90126 9490260.11196 3556528.50083 ] [ 184377.27791 3556528.50083 35326045.69395 ] ] ]

State
Pi 0.069321
A 0.097541 0 0 0 0.902459 
MultiGaussianOPDF [ [ -16456.12081 -12167.1881 -25427.73373 ] [ [ 129140131.09468 8410677.0392 -1772732.43743 ] [ 8410677.0392 111972307.99897 -29113773.05754 ] [ -1772732.43743 -29113773.05754 64998628.6786 ] ] ]

YMCA -7761.166854884927 -3170.1434385868856 1 
Hmm v1.0

NbStates 8

State
Pi 0
A 0.892466 0.021638 0.011538 0.025173 0.009986 0.00706 0.009294 0.022845 
MultiGaussianOPDF [ [ -3257.60309 -241.93787 1080.76364 -1771.1749 1749.39837 -6678.28139 ] [ [ 27798337.68494 -1846810.04204 -7241632.98509 -115822.3753 -198432.97024 -4566876.64582 ] [ -1846810.04204 24514090.62252 -9012622.55004 6993920.55517 -5667204.23257 -14975840.9398 ] [ -7241632.98509 -9012622.55004 48852374.48242 3906067.15181 5687470.66926 -1229128.9885 ] [ -115822.3753 6993920.55517 3906067.15181 48327404.72957 655891.81258 -28522486.21349 ] [ -198432.97024 -5667204.23257 5687470.66926 655891.81258 25559385.90877 5923363.18835 ] [ -4566876.64582 -14975840.9398 -1229128.9885 -28522486.21349 5923363.18835 101688297.62954 ] ] ]

State
Pi 0.016285
A 0 0.920667 0.058433 0.004683 0.002167 0.001559 0.000056 0.012435 
MultiGaussianOPDF [ [ 246.75883 2613.58935 -11753.02299 -950.57985 68.01764 3823.75757 ] [ [ 28451025.19457 1147082.06111 -3122869.04022 4585645.01609 26251.42666 -806621.08871 ] [ 1147082.06111 17717033.77283 106989.0949 5165334.53188 1727605.8796 -2804431.0044 ] [ -3122869.04022 106989.0949 26243723.59803 2270135.88246 4600733.5651 -347994.81099 ] [ 4585645.01609 5165334.53188 2270135.88246 12527165.4091 1677577.48238 -9594390.21533 ] [ 26251.42666 1727605.8796 4600733.5651 1677577.48238 3885106.8945 -133136.60885 ] [ -806621.08871 -2804431.0044 -347994.81099 -9594390.21533 -133136.60885 13839465.78464 ] ] ]

State
Pi 0.017863
A 0.011145 0.018429 0.883514 0.025997 0.060077 0.000837 0 0 
MultiGaussianOPDF [ [ -1835.62655 1210.78224 -4941.64905 3605.39758 105.18085 -460.21968 ] [ [ 20952149.80228 -1343561.71811 6082264.87015 -8871.00852 -335218.76326 2044.25093 ] [ -1343561.71811 3097126.78647 -1407695.60003 40055.10388 120957.36182 -98227.92416 ] [ 6082264.87015 -1407695.60003 20778480.79089 1055470.52463 649464.34754 -235553.80034 ] [ -8871.00852 40055.10388 1055470.52463 830159.638 154493.76151 -632971.37945 ] [ -335218.76326 120957.36182 649464.34754 154493.76151 1359274.04473 563348.46958 ] [ 2044.25093 -98227.92416 -235553.80034 -632971.37945 563348.46958 4179790.43563 ] ] ]

State
Pi 0.033057
A 0.005078 0.007113 0.002061 0.92269 0 0.002796 0 0.060262 
MultiGaussianOPDF [ [ 1914.42085 1949.19757 -6076.3896 1369.62774 -887.16592 -6037.53922 ] [ [ 4285296.59157 1198763.22116 -1687903.944 2303364.91022 -1276596.84042 -2656173.14092 ] [ 1198763.22116 9208679.57777 -4697291.53985 -1272875.75193 -4060765.68053 -2219496.19903 ] [ -1687903.944 -4697291.53985 13024885.10201 1675775.79572 3196737.94464 8000175.38387 ] [ 2303364.91022 -1272875.75193 1675775.79572 5378251.66994 -714105.04867 -2980535.70973 ] [ -1276596.84042 -4060765.68053 3196737.94464 -714105.04867 4754150.19305 4151778.3874 ] [ -2656173.14092 -2219496.19903 8000175.38387 -2980535.70973 4151778.3874 15131378.10427 ] ] ]

State
Pi 0.002893
A 0.005756 0.000886 0.018529 0 0.918186 0.001233 0.003177 0.052233 
MultiGaussianOPDF [ [ -2001.89348 -662.06232 3390.67219 3093.90686 581.00634 1611.1759 ] [ [ 5975374.95602 -162338.96153 -576227.95991 270405.13581 142237.28014 195229.61029 ] [ -162338.96153 3902428.23181 -1295073.39979 -198.41886 -555588.12514 -38017.72023 ] [ -576227.95991 -1295073.39979 7812880.0741 683136.53649 -365529.52926 1085896.59546 ] [ 270405.13581 -198.41886 683136.53649 1920516.83473 -240948.80912 -101820.96491 ] [ 142237.28014 -555588.12514 -365529.52926 -240948.80912 2337258.46648 24010.25383 ] [ 195229.61029 -38017.72023 1085896.59546 -101820.96491 24010.25383 5822011.99661 ] ] ]

State
Pi 0.727942
A 0 0.000641 0.002593 0.00224 0.004914 0.888239 0.005634 0.095739 
MultiGaussianOPDF [ [ 1925.42629 3278.90103 1580.21681 1704.26931 -2606.82067 1852.32683 ] [ [ 15577968.01131 -5338513.08672 -1110489.1512 14964901.5202 3948702.92796 619390.89039 ] [ -5338513.08672 14055044.41119 717178.39085 -4066330.43789 -11963098.82553 -967356.04453 ] [ -1110489.1512 717178.39085 8825679.22757 -756431.34959 -2415156.89832 5826128.23528 ] [ 14964901.5202 -4066330.43789 -756431.34959 16602293.33756 1882037.11629 463565.92989 ] [ 3948702.92796 -11963098.82553 -2415156.89832 1882037.11629 16918189.31623 -933986.89804 ] [ 619390.89039 -967356.04453 5826128.23528 463565.92989 -933986.89804 8111549.36792 ] ] ]

State
Pi 0.049379
A 0.016712 0 0 0.000258 0.062239 0 0.897818 0.022973 
