23
LEFT_HOOK 1
Hmm v1.0

NbStates 4

State
Pi 0.825779
A 0.77479 0.218615 0 0.006594 
MultiGaussianOPDF [ [ 3741.41858 6859.99497 -1254.43985 ] [ [ 13584440.47811 2060454.01324 -2418178.49877 ] [ 2060454.01324 3987650.60865 -1512200.65126 ] [ -2418178.49877 -1512200.65126 4119801.35927 ] ] ]

State
Pi 0.174221
A 0 0.732617 0.267383 0 
MultiGaussianOPDF [ [ 6588.81999 8510.34184 -7158.44737 ] [ [ 4017416.96159 1118010.77058 157313.45193 ] [ 1118010.77058 5479291.61934 -1878917.84682 ] [ 157313.45193 -1878917.84682 4405026.27601 ] ] ]

State
Pi 0
A 0 0 0.655994 0.344006 
MultiGaussianOPDF [ [ 3657.53326 8215.78942 -13123.02436 ] [ [ 7622500.93722 1717427.62156 -399653.89035 ] [ 1717427.62156 5494012.10335 -1399306.73502 ] [ -399653.89035 -1399306.73502 3988222.74727 ] ] ]

State
Pi 0
A 0 0 0 1 
MultiGaussianOPDF [ [ -4014.34744 5397.70714 -16299.66359 ] [ [ 23385739.18751 4635736.74176 -4318281.81515 ] [ 4635736.74176 12339286.6718 -5574060.49988 ] [ -4318281.81515 -5574060.49988 17092363.08434 ] ] ]

LEFT_SHORYUKEN 1
Hmm v1.0

NbStates 4

State
Pi 0.094712
A 0.906203 0 0.002988 0.090809 
MultiGaussianOPDF [ [ -7834.09103 5485.40485 -10550.58767 ] [ [ 6461364.09683 -2164295.04212 10190353.82763 ] [ -2164295.04212 7572059.55249 -11028747.54276 ] [ 10190353.82763 -11028747.54276 56029637.4912 ] ] ]

State
Pi 0.023809
A 0.182213 0.801215 0.011823 0.004748 
MultiGaussianOPDF [ [ -7920.09528 12462.62159 -32307.71344 ] [ [ 32335471.05412 7598650.84208 806677.16206 ] [ 7598650.84208 18445012.01258 -25737.41239 ] [ 806677.16206 -25737.41239 458850.75704 ] ] ]

State
Pi 0.672395
A 0.009304 0.104816 0.86995 0.01593 
MultiGaussianOPDF [ [ 4222.25828 6769.2935 -11831.52286 ] [ [ 18929862.80802 -1231101.70337 10522031.66365 ] [ -1231101.70337 60257776.27675 -37096844.08003 ] [ 10522031.66365 -37096844.08003 99520717.77828 ] ] ]

State
Pi 0.209084
A 0.002999 0 0.072006 0.924995 
MultiGaussianOPDF [ [ -95.39678 -1050.28965 -2162.29456 ] [ [ 6513934.70389 -3215073.47134 -2356351.21399 ] [ -3215073.47134 5893412.11102 864721.56748 ] [ -2356351.21399 864721.56748 4595533.02043 ] ] ]

LEFT_CHOP 1
Hmm v1.0

NbStates 4

State
Pi 0.019729
A 0.732032 0 0.267968 0 
MultiGaussianOPDF [ [ -6613.78686 -8349.57108 -2713.17159 ] [ [ 9406837.37136 1287045.84227 -1099786.62983 ] [ 1287045.84227 13935532.82119 1525635.02827 ] [ -1099786.62983 1525635.02827 6925028.73508 ] ] ]

State
Pi 0.968935
A 0.226844 0.773155 0.000001 0 
MultiGaussianOPDF [ [ -272.72093 -5022.99374 -501.21911 ] [ [ 5957455.96781 6941963.07323 -808038.78725 ] [ 6941963.07323 17832676.74438 -46066.96272 ] [ -808038.78725 -46066.96272 2285376.65056 ] ] ]

State
Pi 0.011336
A 0 0 0.726106 0.273894 
MultiGaussianOPDF [ [ -13959.03793 -2439.65414 -5522.21007 ] [ [ 9927171.16999 -6171120.5322 2622857.23328 ] [ -6171120.5322 23046713.64327 1704318.80741 ] [ 2622857.23328 1704318.80741 3878792.23132 ] ] ]

State
Pi 0
A 0 0 0 1 
MultiGaussianOPDF [ [ -16389.94613 11940.26148 -8259.54083 ] [ [ 25441658.54008 8097907.44573 361095.07486 ] [ 8097907.44573 39561062.1685 4269983.40951 ] [ 361095.07486 4269983.40951 20809525.16647 ] ] ]

TWO_HANDED_ONE_HUNDRED_HAND_SLAP 0
DOUBLE_LARIAT 0
TWO_HANDED_BLOCK 1
Hmm v1.0

NbStates 2

State
Pi 0.823529
A 0.996503 0.003497 
MultiGaussianOPDF [ [ 4502.23517 288.54536 226.06304 4034.04097 197.32851 435.70819 ] [ [ 8906.14958 -11630.62519 -9918.74072 551.86872 6361.09558 457.72366 ] [ -11630.62519 79334.75828 -5101.31647 -4044.98007 -27878.95855 -14036.05104 ] [ -9918.74072 -5101.31647 119696.82291 -3007.07883 18061.84124 34285.48435 ] [ 551.86872 -4044.98007 -3007.07883 5821.06633 1992.39892 -6234.03176 ] [ 6361.09558 -27878.95855 18061.84124 1992.39892 50364.53224 8322.70836 ] [ 457.72366 -14036.05104 34285.48435 -6234.03176 8322.70836 28866.33659 ] ] ]

State
Pi 0.176471
A 0.011356 0.988644 
MultiGaussianOPDF [ [ 3938.4099 1688.08053 93.85078 3209.79673 -1871.97858 -422.59241 ] [ [ 43257.21827 -24276.49728 25239.92718 30612.78494 32549.12296 68053.55966 ] [ -24276.49728 119722.19821 -38764.61161 -22822.49325 -10932.72238 -75718.62181 ] [ 25239.92718 -38764.61161 88715.12908 33389.21633 1711.53433 87954.58975 ] [ 30612.78494 -22822.49325 33389.21633 96381.59537 93376.17821 70123.87376 ] [ 32549.12296 -10932.72238 1711.53433 93376.17821 187646.09261 64239.62762 ] [ 68053.55966 -75718.62181 87954.58975 70123.87376 64239.62762 205965.67956 ] ] ]

RIGHT_HOOK 0
RIGHT_JAB 0
YMCA 0
RIGHT_SHORYUKEN 0
LEFT_ONE_HUNDRED_HAND_SLAP 1
Hmm v1.0

NbStates 4

State
Pi 0.177773
A 0.87505 0.123864 0 0.001086 
MultiGaussianOPDF [ [ -2967.60905 -4006.60738 -13097.73833 ] [ [ 9327459.52548 -1113336.40536 -4220819.71813 ] [ -1113336.40536 9925879.57127 1495067.88026 ] [ -4220819.71813 1495067.88026 16014201.33957 ] ] ]

State
Pi 0
A 0.134853 0.730283 0.134864 0 
MultiGaussianOPDF [ [ -9479.6906 292.494 -1749.67319 ] [ [ 8756695.69142 -3163618.99342 -5852154.51056 ] [ -3163618.99342 3905528.34389 5327677.54788 ] [ -5852154.51056 5327677.54788 20817733.37431 ] ] ]

State
Pi 0.822227
A 0.0026 0.140755 0.742886 0.113759 
MultiGaussianOPDF [ [ -9606.93518 3580.83592 9592.97367 ] [ [ 26695643.98143 557477.90749 -1498109.11105 ] [ 557477.90749 16059573.04985 -804308.28374 ] [ -1498109.11105 -804308.28374 20133309.47351 ] ] ]

State
Pi 0
A 0.004302 0 0.131617 0.86408 
MultiGaussianOPDF [ [ -7348.72877 2685.73156 21945.51632 ] [ [ 20520052.37658 -1510793.56974 5811644.29784 ] [ -1510793.56974 11042541.02486 2321837.70666 ] [ 5811644.29784 2321837.70666 13418452.17102 ] ] ]

LEFT_JAB 1
Hmm v1.0

NbStates 4

State
Pi 0.057716
A 0.892172 0 0 0.107828 
MultiGaussianOPDF [ [ 2175.29284 -4363.79405 6362.52538 ] [ [ 5714249.30462 -1352649.57789 -142326.90661 ] [ -1352649.57789 23395911.66272 -3148838.91872 ] [ -142326.90661 -3148838.91872 8085966.52557 ] ] ]

State
Pi 0
A 0 0.969295 0 0.030705 
MultiGaussianOPDF [ [ -13455.22916 7462.75244 -3827.28207 ] [ [ 53512907.13388 7129569.46091 11939539.00084 ] [ 7129569.46091 62308211.31483 -9370329.96849 ] [ 11939539.00084 -9370329.96849 22712082.73594 ] ] ]

State
Pi 0.942284
A 0.025824 0 0.907311 0.066864 
MultiGaussianOPDF [ [ 4960.60599 3397.98769 1589.77597 ] [ [ 5091097.2682 319557.7649 820382.69331 ] [ 319557.7649 2515941.6737 444827.66845 ] [ 820382.69331 444827.66845 1808873.7864 ] ] ]

State
Pi 0
A 0 0.115334 0 0.884666 
MultiGaussianOPDF [ [ -5031.79884 378.16558 909.63297 ] [ [ 16748779.17021 -551158.39522 -797802.16305 ] [ -551158.39522 3795583.23946 438107.26973 ] [ -797802.16305 438107.26973 2289305.43333 ] ] ]

LEFT_BLOCK 1
Hmm v1.0

NbStates 2

State
Pi 0.648676
A 0.994515 0.005485 
MultiGaussianOPDF [ [ 3749.69589 1737.38155 259.52857 ] [ [ 58220.37694 -1385.84211 -294.07149 ] [ -1385.84211 127429.8416 -72467.27731 ] [ -294.07149 -72467.27731 165497.86559 ] ] ]

State
Pi 0.351324
A 0 1 
MultiGaussianOPDF [ [ 4589.54025 594.1174 421.48074 ] [ [ 30364.9221 -41444.68349 -20825.87265 ] [ -41444.68349 277844.96653 -2519.72659 ] [ -20825.87265 -2519.72659 102956.20983 ] ] ]

PSYCHO_CRUSHER 0
SONIC_BOOM 1
Hmm v1.0

NbStates 5

State
Pi 0.961538
A 0.843709 0 0.156291 0 0 
MultiGaussianOPDF [ [ -2772.04429 5141.44268 4376.15441 -2139.65096 -7542.38979 912.81959 ] [ [ 1112730.84085 122817.63873 29611.84056 728985.97232 214974.96898 520676.58737 ] [ 122817.63873 2359681.82261 -388631.16467 -132257.61926 -987768.98586 -350228.646 ] [ 29611.84056 -388631.16467 2080875.95672 887238.31841 -1106923.68938 407509.66357 ] [ 728985.97232 -132257.61926 887238.31841 1291491.24674 -318274.84503 495691.98784 ] [ 214974.96898 -987768.98586 -1106923.68938 -318274.84503 2470136.38751 420723.39071 ] [ 520676.58737 -350228.646 407509.66357 495691.98784 420723.39071 1166046.84972 ] ] ]

State
Pi 0
A 0 1 0 0 0 
MultiGaussianOPDF [ [ -16472.56194 6209.15237 -1475.41448 -17423.44454 -5895.64095 -926.24733 ] [ [ 5686846.69068 -621517.52158 393452.94857 2469369.77191 -3634311.62319 -64577.25068 ] [ -621517.52158 11302237.2188 901593.61276 1903404.24563 -8342141.35201 -3673196.42637 ] [ 393452.94857 901593.61276 2825885.7861 2407471.06749 -306029.83274 74943.81836 ] [ 2469369.77191 1903404.24563 2407471.06749 5352058.52118 34982.1 437425.48198 ] [ -3634311.62319 -8342141.35201 -306029.83274 34982.1 16228309.32448 5045282.30873 ] [ -64577.25068 -3673196.42637 74943.81836 437425.48198 5045282.30873 2789290.93449 ] ] ]

State
Pi 0
A 0 0 0.763872 0.236128 0 
MultiGaussianOPDF [ [ -5265.15117 8519.30398 2242.02918 -5234.89034 -9724.97391 -1850.9706 ] [ [ 5367477.93955 1337320.54284 2843577.91083 6393118.47199 -800906.03877 1794492.61076 ] [ 1337320.54284 3642592.06735 -1557835.63877 2705974.98146 -270331.41034 -636606.38254 ] [ 2843577.91083 -1557835.63877 6251317.16693 2859299.05942 -1448498.66489 2398315.78182 ] [ 6393118.47199 2705974.98146 2859299.05942 10169654.37789 -1302483.09796 2283629.39973 ] [ -800906.03877 -270331.41034 -1448498.66489 -1302483.09796 2820162.90316 -269823.34848 ] [ 1794492.61076 -636606.38254 2398315.78182 2283629.39973 -269823.34848 1967101.51116 ] ] ]

State
Pi 0.038462
A 0 0.126657 0 0.649641 0.223702 
MultiGaussianOPDF [ [ -9862.1895 9656.16846 -547.36201 -13383.85731 -9973.05875 -4071.88644 ] [ [ 10747852.38155 -3778865.93587 6959020.72379 -321790.2573 -542908.47618 1361634.02702 ] [ -3778865.93587 6924436.86295 -3845649.78961 5709115.45211 -1093210.66473 -1502114.57895 ] [ 6959020.72379 -3845649.78961 7409807.49413 -1796043.96934 -2642536.69718 1489357.42939 ] [ -321790.2573 5709115.45211 -1796043.96934 16105215.9537 -4919371.309 -3001900.236 ] [ -542908.47618 -1093210.66473 -2642536.69718 -4919371.309 9290041.84713 2269370.83058 ] [ 1361634.02702 -1502114.57895 1489357.42939 -3001900.236 2269370.83058 3478737.72921 ] ] ]

State
Pi 0
A 0 0.126863 0 0 0.873137 
MultiGaussianOPDF [ [ -18613.93536 10449.48969 -1626.98619 -20392.15507 -12076.9957 -3896.06832 ] [ [ 19823765.69288 2464605.36038 5083829.96704 14380810.38121 -2617803.48805 -771141.21203 ] [ 2464605.36038 9599579.19848 -623926.42483 4855295.44029 -4976297.32592 -4499758.49494 ] [ 5083829.96704 -623926.42483 7432822.7602 -1048737.31731 -4081220.74707 1051684.28754 ] [ 14380810.38121 4855295.44029 -1048737.31731 18859453.15723 2939468.87518 -3344345.86233 ] [ -2617803.48805 -4976297.32592 -4081220.74707 2939468.87518 14561325.42656 3286679.14454 ] [ -771141.21203 -4499758.49494 1051684.28754 -3344345.86233 3286679.14454 4041980.69583 ] ] ]

HADOUKEN 1
Hmm v1.0

NbStates 4

State
Pi 0
A 0.986624 0.013373 0 0.000003 
MultiGaussianOPDF [ [ -1157.41001 17.22173 -3171.08022 -1377.1664 -1353.48839 751.24638 ] [ [ 11148373.60733 7507692.8798 13751923.64213 18379607.12935 5068640.58666 -7083557.02481 ] [ 7507692.8798 9604328.63497 11321713.83313 15242314.21503 2087895.48055 -5121359.92592 ] [ 13751923.64213 11321713.83313 22627781.02174 24760424.74277 6068503.3748 -9252663.30873 ] [ 18379607.12935 15242314.21503 24760424.74277 51329613.24501 10216604.11205 -17072736.64758 ] [ 5068640.58666 2087895.48055 6068503.3748 10216604.11205 9440943.58155 -5263537.17131 ] [ -7083557.02481 -5121359.92592 -9252663.30873 -17072736.64758 -5263537.17131 8578743.24755 ] ] ]

State
Pi 0.868955
A 0.030377 0.885167 0.084455 0 
MultiGaussianOPDF [ [ 451.82696 3411.20111 3360.73508 4330.78652 -2139.84237 -1944.91581 ] [ [ 1090864.76367 631231.59948 -1197212.14095 68835.1903 -565234.34912 263205.24577 ] [ 631231.59948 2418849.22323 -1327535.15267 1415812.92511 -844300.90462 -1089.38249 ] [ -1197212.14095 -1327535.15267 3371929.60535 1061093.45971 880919.0861 -132217.67553 ] [ 68835.1903 1415812.92511 1061093.45971 4406026.48953 -79888.11158 -256288.76574 ] [ -565234.34912 -844300.90462 880919.0861 -79888.11158 879587.00494 -105218.10057 ] [ 263205.24577 -1089.38249 -132217.67553 -256288.76574 -105218.10057 1776689.58796 ] ] ]

State
Pi 0.131045
A 0.013943 0 0.905517 0.080541 
MultiGaussianOPDF [ [ 476.23356 -1562.18434 6056.06401 5496.04825 -704.76072 -3834.22457 ] [ [ 3046810.65539 401036.83067 -388191.81416 912306.03627 -866533.86691 2606889.03548 ] [ 401036.83067 5943194.49688 613125.41823 739788.50635 -1510707.80756 3811549.28084 ] [ -388191.81416 613125.41823 2142024.8571 1888868.78432 -249168.30758 -377261.94298 ] [ 912306.03627 739788.50635 1888868.78432 5333150.30675 -560080.0879 777015.1428 ] [ -866533.86691 -1510707.80756 -249168.30758 -560080.0879 2233751.12121 -1637421.33889 ] [ 2606889.03548 3811549.28084 -377261.94298 777015.1428 -1637421.33889 6654123.64482 ] ] ]

State
Pi 0
A 0.011305 0 0 0.988695 
MultiGaussianOPDF [ [ -6835.50666 953.33284 2695.17542 -7170.71624 33.24413 -4359.36318 ] [ [ 25678916.41083 -12389213.65178 2658672.80743 16209633.2762 -2505530.33338 3842894.41822 ] [ -12389213.65178 39326035.09492 180540.82992 -11602074.4312 -5215097.72691 -5084587.41857 ] [ 2658672.80743 180540.82992 12600234.71507 4240320.14044 -2415446.08439 -2901061.00811 ] [ 16209633.2762 -11602074.4312 4240320.14044 31219137.11482 -5449037.81769 4295622.27276 ] [ -2505530.33338 -5215097.72691 -2415446.08439 -5449037.81769 10872618.20577 1611048.90525 ] [ 3842894.41822 -5084587.41857 -2901061.00811 4295622.27276 1611048.90525 6256776.96093 ] ] ]

RIGHT_ONE_HUNDRED_HAND_SLAP 0
RIGHT_UPPERCUT 0
NYAN_CAT 0
SUMO_HEADBUTT 0
RIGHT_BLOCK 0
LEFT_UPPERCUT 1
Hmm v1.0

NbStates 4

State
Pi 0.155331
A 0.709731 0.027045 0.013818 0.249406 
MultiGaussianOPDF [ [ 5162.12101 8367.86901 -7191.85874 ] [ [ 23603038.86312 2722935.04185 -29410.58279 ] [ 2722935.04185 36910580.63841 -8765110.95309 ] [ -29410.58279 -8765110.95309 20909614.12211 ] ] ]

State
Pi 0.797282
A 0.172213 0.827787 0 0 
MultiGaussianOPDF [ [ 1460.19981 2078.41522 -4017.44855 ] [ [ 13121911.69157 5798456.02795 -3393711.6215 ] [ 5798456.02795 4668754.01352 -2164666.34486 ] [ -3393711.6215 -2164666.34486 7124421.15035 ] ] ]

State
Pi 0
A 0 0.035954 0.964046 0 
MultiGaussianOPDF [ [ -2050.17457 4111.16508 -17763.74783 ] [ [ 13796304.6955 3337826.45338 -4919333.83139 ] [ 3337826.45338 3345202.727 -920117.92646 ] [ -4919333.83139 -920117.92646 12245194.63188 ] ] ]

State
Pi 0.047387
A 0 0.018068 0.203187 0.778745 
MultiGaussianOPDF [ [ 6513.66816 6475.58708 -14419.83321 ] [ [ 4943576.14564 2494251.89266 -56165.39613 ] [ 2494251.89266 7575141.78523 -3477026.25525 ] [ -56165.39613 -3477026.25525 11143404.37004 ] ] ]

RIGHT_CHOP 0
