27
TWO_HANDED_BLOCK -5128.517916047628 0.0 1 
Hmm v1.0

NbStates 8

State
Pi 0.109684
A 0.98957 0 0.006119 0.001435 0 0 0.001878 0.000999 
MultiGaussianOPDF [ [ 3930.4686 1287.47176 935.81896 3763.79704 -628.07004 761.07537 ] [ [ 55497.30619 -38631.2052 39179.29875 46960.43345 30379.07853 33033.3958 ] [ -38631.2052 204934.76368 87176.48738 46222.50226 -54001.24712 -17139.43143 ] [ 39179.29875 87176.48738 404534.21975 214826.66069 112800.53487 176032.55701 ] [ 46960.43345 46222.50226 214826.66069 165770.47805 77840.77036 68721.78975 ] [ 30379.07853 -54001.24712 112800.53487 77840.77036 147434.32122 65977.54702 ] [ 33033.3958 -17139.43143 176032.55701 68721.78975 65977.54702 169313.47827 ] ] ]

State
Pi 0.199595
A 0 0.905368 0.065689 0 0 0.028943 0 0 
MultiGaussianOPDF [ [ 1538.85863 1814.40986 349.05136 1834.58063 -995.03508 187.922 ] [ [ 4668938.86237 -646310.64902 -66869.0704 2240842.46398 -166000.03811 -601554.92263 ] [ -646310.64902 5624290.00692 -1009976.89584 202775.85164 -2305369.88864 -887674.94986 ] [ -66869.0704 -1009976.89584 5592134.59401 1302254.87178 707570.49875 2710250.02632 ] [ 2240842.46398 202775.85164 1302254.87178 3807932.38384 816757.67549 130900.60444 ] [ -166000.03811 -2305369.88864 707570.49875 816757.67549 4609671.62903 1492743.79937 ] [ -601554.92263 -887674.94986 2710250.02632 130900.60444 1492743.79937 4173305.82427 ] ] ]

State
Pi 0.24458
A 0.015449 0.004087 0.906975 0 0.00378 0.008534 0.024687 0.036488 
MultiGaussianOPDF [ [ 3430.37545 1116.21644 210.38479 3603.59707 -830.54802 -9.64344 ] [ [ 525664.17454 -6796.10955 -110161.78322 188593.5756 44207.22844 -152346.94223 ] [ -6796.10955 1534716.59896 -80515.83384 -37200.69914 -1104878.94138 -102696.3292 ] [ -110161.78322 -80515.83384 1552369.86014 21267.59332 594465.81292 688296.59583 ] [ 188593.5756 -37200.69914 21267.59332 476082.70105 190689.95163 -155952.68538 ] [ 44207.22844 -1104878.94138 594465.81292 190689.95163 1925516.49814 192728.16538 ] [ -152346.94223 -102696.3292 688296.59583 -155952.68538 192728.16538 1010321.83817 ] ] ]

State
Pi 0.090702
A 0.001763 0 0 0.978991 0 0 0.000704 0.018541 
MultiGaussianOPDF [ [ 4445.3085 660.89202 263.09181 4288.39644 -29.91932 163.79214 ] [ [ 8420.14544 -18911.17503 4901.35958 -14140.35253 6705.23486 13038.68633 ] [ -18911.17503 99663.20286 -25168.48915 55464.47933 -48311.93214 -61032.28862 ] [ 4901.35958 -25168.48915 93000.25055 -28026.04442 8106.69877 34349.03144 ] [ -14140.35253 55464.47933 -28026.04442 77002.21098 -7557.2343 -53338.09806 ] [ 6705.23486 -48311.93214 8106.69877 -7557.2343 56134.9784 21849.5092 ] [ 13038.68633 -61032.28862 34349.03144 -53338.09806 21849.5092 65798.51149 ] ] ]

State
Pi 0.047212
A 0 0 0 0 1 0 0 0 
MultiGaussianOPDF [ [ 3947.46189 1828.83587 59.62079 3367.33089 -1619.32019 -1052.38753 ] [ [ 5204.83996 -2580.17778 -3683.04309 1887.79047 1181.35712 -1256.01135 ] [ -2580.17778 15183.05662 -536.3896 919.05344 867.3968 -9734.2128 ] [ -3683.04309 -536.3896 19469.46672 -2212.77279 -1263.75939 -1136.64999 ] [ 1887.79047 919.05344 -2212.77279 7479.62997 4846.32198 -5869.43249 ] [ 1181.35712 867.3968 -1263.75939 4846.32198 20285.6725 -16849.93694 ] [ -1256.01135 -9734.2128 -1136.64999 -5869.43249 -16849.93694 95703.84333 ] ] ]

State
Pi 0.091843
A 0 0.00238 0.000002 0 0 0.997618 0 0 
MultiGaussianOPDF [ [ 2098.86106 3268.41871 406.36641 2598.47118 -2718.60486 215.67617 ] [ [ 261304.6454 -134539.24686 141520.56437 54504.56095 70339.9013 35283.84929 ] [ -134539.24686 341182.44358 183529.46182 78273.13629 83005.9805 271207.21601 ] [ 141520.56437 183529.46182 873712.56419 257182.57342 380757.6479 708001.25821 ] [ 54504.56095 78273.13629 257182.57342 250161.2325 221287.36581 243538.40003 ] [ 70339.9013 83005.9805 380757.6479 221287.36581 448759.29716 382585.21653 ] [ 35283.84929 271207.21601 708001.25821 243538.40003 382585.21653 926928.87961 ] ] ]

State
Pi 0.072693
A 0.002759 0 0.008395 0.006585 0 0 0.969357 0.012904 
MultiGaussianOPDF [ [ 4059.2809 -476.10882 -54.92555 4319.49325 -219.51414 484.36479 ] [ [ 218756.8161 -31546.23296 28943.60611 121150.52107 -24649.62448 68811.67414 ] [ -31546.23296 735246.89168 232223.76126 3157.62754 473241.12788 -31208.22745 ] [ 28943.60611 232223.76126 647359.68461 -84562.30712 274318.58611 127777.64298 ] [ 121150.52107 3157.62754 -84562.30712 214124.28782 -12055.85386 23386.06741 ] [ -24649.62448 473241.12788 274318.58611 -12055.85386 702662.76653 37517.64801 ] [ 68811.67414 -31208.22745 127777.64298 23386.06741 37517.64801 276165.10069 ] ] ]

State
Pi 0.143691
A 0 0 0.010011 0.013822 0 0 0.003576 0.972591 
MultiGaussianOPDF [ [ 4206.97205 470.874 -260.08857 4214.603 -78.00141 -707.4525 ] [ [ 155160.51117 46355.93839 11674.26822 89751.07783 -35834.60164 -33477.45319 ] [ 46355.93839 418185.53456 136668.19239 115614.69038 -73620.57362 115654.3828 ] [ 11674.26822 136668.19239 333142.53232 57230.48861 -7380.51112 141799.3573 ] [ 89751.07783 115614.69038 57230.48861 151210.70729 4519.52073 29065.15401 ] [ -35834.60164 -73620.57362 -7380.51112 4519.52073 230771.4418 1106.30756 ] [ -33477.45319 115654.3828 141799.3573 29065.15401 1106.30756 289254.53734 ] ] ]

RIGHT_CHOP -2284.81972416336 -231.70251064062714 1 
Hmm v1.0

NbStates 5

State
Pi 0.091692
A 0.963344 0.02503 0.00932 0 0.002306 
MultiGaussianOPDF [ [ -4238.14083 -6573.25666 -2711.84525 ] [ [ 8032544.1073 278129.52553 476487.12097 ] [ 278129.52553 22649677.59512 3231354.55526 ] [ 476487.12097 3231354.55526 4614493.2951 ] ] ]

State
Pi 0.559978
A 0.012275 0.868209 0.119516 0 0 
MultiGaussianOPDF [ [ -531.84311 5441.83503 1187.10039 ] [ [ 5917319.67886 -3286258.7242 -285336.49182 ] [ -3286258.7242 8538682.269 1448046.27288 ] [ -285336.49182 1448046.27288 1557637.99073 ] ] ]

State
Pi 0.26885
A 0.007823 0 0.788591 0.203585 0 
MultiGaussianOPDF [ [ -8741.88056 10558.77916 -678.90936 ] [ [ 20155233.89514 2731038.59971 1088901.26824 ] [ 2731038.59971 31435778.10573 586816.69202 ] [ 1088901.26824 586816.69202 4806053.58821 ] ] ]

State
Pi 0.048783
A 0.000003 0 0 0.787705 0.212291 
MultiGaussianOPDF [ [ -26667.94644 5096.32608 -3545.52858 ] [ [ 37153752.50051 17307996.33356 6440869.21784 ] [ 17307996.33356 168723257.86601 -5719781.08811 ] [ 6440869.21784 -5719781.08811 42020070.47784 ] ] ]

State
Pi 0.030696
A 0.128024 0 0 0 0.871976 
MultiGaussianOPDF [ [ -13513.83365 -19549.75172 -5867.91073 ] [ [ 113131633.00683 39908413.93609 15089862.31354 ] [ 39908413.93609 61202973.9747 5888481.03498 ] [ 15089862.31354 5888481.03498 47788044.37642 ] ] ]

RIGHT_VAFANAPOLI_ATTACK -1431.4432366453327 -260.9738595627353 1 
Hmm v1.0

NbStates 5

State
Pi 0
A 0.823678 0.169054 0.005472 0 0.001796 
MultiGaussianOPDF [ [ -4868.69765 3740.38855 12815.14557 ] [ [ 31206565.36939 -3053330.79325 3337000.01198 ] [ -3053330.79325 14215989.38289 -2336182.23816 ] [ 3337000.01198 -2336182.23816 29382228.95333 ] ] ]

State
Pi 0
A 0.001598 0.850126 0.14529 0.002986 0 
MultiGaussianOPDF [ [ -10741.81976 2174.87079 -12480.57076 ] [ [ 127102426.38089 3323117.74177 33521622.78686 ] [ 3323117.74177 46749238.29975 19975558.78418 ] [ 33521622.78686 19975558.78418 120381314.25522 ] ] ]

State
Pi 0.388854
A 0.013121 0.004634 0.894287 0.073783 0.014175 
MultiGaussianOPDF [ [ -52.07264 -895.77269 -1988.65719 ] [ [ 4378088.23978 -332164.02583 -969704.19508 ] [ -332164.02583 4318288.10102 5389591.401 ] [ -969704.19508 5389591.401 14603925.93414 ] ] ]

State
Pi 0.566511
A 0 0 0.001456 0.883571 0.114973 
MultiGaussianOPDF [ [ 2032.61487 -1314.06549 2968.37054 ] [ [ 1520026.43991 -155388.19227 -867484.58697 ] [ -155388.19227 1012889.32915 80420.17484 ] [ -867484.58697 80420.17484 1598504.80563 ] ] ]

State
Pi 0.044635
A 0.103508 0 0.02648 0.017589 0.852423 
MultiGaussianOPDF [ [ 151.1492 -1407.34138 7005.39681 ] [ [ 7064409.40793 -457640.61313 -527192.74109 ] [ -457640.61313 3460880.96065 514777.49366 ] [ -527192.74109 514777.49366 6774872.43651 ] ] ]

RIGHT_HOOK -1413.20722358451 -305.56576816132116 1 
Hmm v1.0

NbStates 5

State
Pi 0.007934
A 0.857295 0 0 0.142705 0 
MultiGaussianOPDF [ [ -20337.94603 40.17375 -15909.67012 ] [ [ 51013215.02508 -13649146.80133 -3718767.74528 ] [ -13649146.80133 32023756.05672 28338865.74036 ] [ -3718767.74528 28338865.74036 118636651.33303 ] ] ]

State
Pi 0.154475
A 0.088282 0.909477 0.001058 0.001183 0 
MultiGaussianOPDF [ [ -8131.37855 -16994.36744 -7603.44972 ] [ [ 135139034.33924 27783954.94656 25585198.44603 ] [ 27783954.94656 39104565.92437 15262707.66757 ] [ 25585198.44603 15262707.66757 71605808.71434 ] ] ]

State
Pi 0.751319
A 0 0.039795 0.879019 0.001913 0.079273 
MultiGaussianOPDF [ [ 4227.62122 -4933.08068 -4284.75441 ] [ [ 9759061.78592 -244379.62282 -1468474.74152 ] [ -244379.62282 5643253.73995 -1705552.93565 ] [ -1468474.74152 -1705552.93565 12143136.81121 ] ] ]

State
Pi 0
A 0 0.002183 0.0133 0.984517 0 
MultiGaussianOPDF [ [ -8303.14787 1838.8733 1858.18433 ] [ [ 19258601.81741 -11543182.9871 4871797.84532 ] [ -11543182.9871 33078795.79541 -6277092.19981 ] [ 4871797.84532 -6277092.19981 10455631.57726 ] ] ]

State
Pi 0.086271
A 0.061836 0.008604 0 0.039085 0.890474 
MultiGaussianOPDF [ [ -2733.93393 -3607.49213 -11309.82244 ] [ [ 27713417.02203 -2817631.53894 -4316530.64223 ] [ -2817631.53894 10252686.6325 -1341365.70193 ] [ -4316530.64223 -1341365.70193 12662923.24424 ] ] ]

RIGHT_UPPERCUT -1354.131554131003 -306.8519448600459 1 
Hmm v1.0

NbStates 5

State
Pi 0
A 0.920182 0.068995 0.000009 0.010814 0 
MultiGaussianOPDF [ [ -14729.85214 2949.68709 1285.05546 ] [ [ 57109841.2189 -4467005.46919 14147369.14602 ] [ -4467005.46919 26866661.11276 8388056.57325 ] [ 14147369.14602 8388056.57325 42566689.58851 ] ] ]

State
Pi 0.473103
A 0 0.844509 0.155491 0 0 
MultiGaussianOPDF [ [ 227.04769 -1271.97843 -2579.50837 ] [ [ 4046576.77059 -60333.48859 -3544052.94889 ] [ -60333.48859 4058416.46526 3145501.3599 ] [ -3544052.94889 3145501.3599 17527184.50501 ] ] ]

State
Pi 0.31088
A 0 0.002325 0.798584 0.199091 0 
MultiGaussianOPDF [ [ 1912.31412 -2300.67812 -12632.5547 ] [ [ 10355854.04333 -147843.71614 1668549.83794 ] [ -147843.71614 11223259.96196 -356758.08038 ] [ 1668549.83794 -356758.08038 15265517.24785 ] ] ]

State
Pi 0.211202
A 0.028609 0.000267 0.013651 0.849878 0.107594 
MultiGaussianOPDF [ [ -5685.99229 -4255.84343 -19908.97771 ] [ [ 38217971.47401 -11555386.26118 -4961838.46732 ] [ -11555386.26118 34546663.35386 -11523106.84405 ] [ -4961838.46732 -11523106.84405 49581453.92114 ] ] ]

State
Pi 0.004815
A 0.133879 0.000574 0 0 0.865547 
MultiGaussianOPDF [ [ -22545.71233 -8888.89721 -25493.18695 ] [ [ 72568169.48767 -22358050.16455 -9017768.29414 ] [ -22358050.16455 137240595.49646 -17277958.36488 ] [ -9017768.29414 -17277958.36488 57147868.86668 ] ] ]

SONIC_BOOM -3801.0511405931816 -854.761122671692 1 
Hmm v1.0

NbStates 8

State
Pi 0
A 0.880411 0.113943 0.004257 0 0 0 0.001389 0 
MultiGaussianOPDF [ [ -17593.09179 -3017.42214 2726.9773 -16378.29485 3395.02667 3017.00523 ] [ [ 54132933.58611 -12155654.03328 14685360.17903 36070367.58248 6362971.88615 591189.99023 ] [ -12155654.03328 72831465.68527 4191164.42134 -12754878.0926 -31450217.32319 -6590969.70054 ] [ 14685360.17903 4191164.42134 27793449.93943 14875470.88547 -8513679.13693 4992180.02519 ] [ 36070367.58248 -12754878.0926 14875470.88547 62406354.96169 20285287.47051 4126498.60329 ] [ 6362971.88615 -31450217.32319 -8513679.13693 20285287.47051 81309363.4864 11706080.3672 ] [ 591189.99023 -6590969.70054 4992180.02519 4126498.60329 11706080.3672 21213988.33919 ] ] ]

State
Pi 0.016215
A 0 0.94011 0 0 0.056525 0.003364 0 0 
MultiGaussianOPDF [ [ -4946.5279 -6302.87407 3034.86145 -5023.01648 4829.36886 3487.00219 ] [ [ 16017306.6091 4514349.47468 1318094.60523 12833416.92386 -7156422.05576 1129941.30459 ] [ 4514349.47468 17282968.92229 3489954.41465 5168305.13742 -7567642.3719 791067.59718 ] [ 1318094.60523 3489954.41465 8858794.9939 -2186730.77045 -2452579.78615 1650004.90895 ] [ 12833416.92386 5168305.13742 -2186730.77045 20377266.38603 -6870520.42175 -974305.98146 ] [ -7156422.05576 -7567642.3719 -2452579.78615 -6870520.42175 19503694.09356 -3191794.64428 ] [ 1129941.30459 791067.59718 1650004.90895 -974305.98146 -3191794.64428 5211272.62648 ] ] ]

State
Pi 0.03056
A 0.062496 0 0.903401 0 0 0 0.007975 0.026128 
MultiGaussianOPDF [ [ -16810.1026 4216.97615 -9583.42306 -12867.93227 -3812.42882 -10268.14627 ] [ [ 96961933.50698 13531361.59736 3752094.81584 72330647.08017 -184471.78289 1418156.26709 ] [ 13531361.59736 44687296.46677 4735269.95874 31345745.7623 -38078178.88817 -9907255.92721 ] [ 3752094.81584 4735269.95874 25248417.46067 5620629.75692 -9802621.71966 13908922.17468 ] [ 72330647.08017 31345745.7623 5620629.75692 83586511.7276 -13661750.69943 830404.67476 ] [ -184471.78289 -38078178.88817 -9802621.71966 -13661750.69943 52390285.53759 7958166.66819 ] [ 1418156.26709 -9907255.92721 13908922.17468 830404.67476 7958166.66819 31652218.83929 ] ] ]

State
Pi 0.260005
A 0 0 0.027213 0.855724 0.002447 0.001005 0.11361 0 
MultiGaussianOPDF [ [ -3791.12653 9641.9836 -2590.7474 -3131.18573 -10515.54623 -2290.21611 ] [ [ 12203671.79205 -615627.57631 3012778.06687 7239466.16529 -503361.53363 232394.68671 ] [ -615627.57631 13417268.83329 2419747.15858 -302938.63248 -6889779.4582 -396066.48854 ] [ 3012778.06687 2419747.15858 15118316.53311 5212251.49969 1540134.56975 3181262.12115 ] [ 7239466.16529 -302938.63248 5212251.49969 12147742.96416 1321514.67875 2562183.45082 ] [ -503361.53363 -6889779.4582 1540134.56975 1321514.67875 13897461.60129 2186599.37443 ] [ 232394.68671 -396066.48854 3181262.12115 2562183.45082 2186599.37443 8259319.67187 ] ] ]

State
Pi 0.487254
A 0 0.003167 0 0.051187 0.898236 0.006291 0.041119 0 
MultiGaussianOPDF [ [ -3314.87168 3859.7907 2042.87383 -3378.61099 -4515.84419 881.36609 ] [ [ 5085209.30455 -1233944.67297 2073681.97366 4626335.89018 926214.28204 2486291.15995 ] [ -1233944.67297 9242164.24905 -827513.91373 -1446195.41259 -7827888.80049 -3734294.39274 ] [ 2073681.97366 -827513.91373 5397750.01214 2846097.65076 -655593.13055 2775889.3892 ] [ 4626335.89018 -1446195.41259 2846097.65076 6165815.72009 682658.21752 2690665.873 ] [ 926214.28204 -7827888.80049 -655593.13055 682658.21752 11205910.52492 3434296.28302 ] [ 2486291.15995 -3734294.39274 2775889.3892 2690665.873 3434296.28302 5126537.20768 ] ] ]

State
Pi 0.131309
A 0 0 0.01764 0.012725 0.006415 0.96322 0 0 
MultiGaussianOPDF [ [ 533.68473 2649.60579 -2793.66003 1707.35864 -3047.99278 -4087.68997 ] [ [ 6751091.65683 -314701.76925 506851.49414 4783637.45967 -2040306.03987 1369795.32332 ] [ -314701.76925 2574943.85133 356668.90869 -951832.50398 -1111698.71176 -951452.40623 ] [ 506851.49414 356668.90869 5343082.60406 617629.33497 -609921.53588 4551595.17264 ] [ 4783637.45967 -951832.50398 617629.33497 9948273.5088 -1586391.58809 152794.92565 ] [ -2040306.03987 -1111698.71176 -609921.53588 -1586391.58809 5185325.85611 1511924.45299 ] [ 1369795.32332 -951452.40623 4551595.17264 152794.92565 1511924.45299 10909758.75606 ] ] ]

State
Pi 0.070359
A 0.040977 0 0.001576 0.004087 0.005436 0 0.865433 0.08249 
MultiGaussianOPDF [ [ -11978.83361 7890.56609 -1109.81239 -14677.93008 -8544.11722 -1931.31731 ] [ [ 28486288.11198 -1617070.66723 3408530.56397 15728074.83089 -271755.87992 -933558.35679 ] [ -1617070.66723 13934619.18404 -4927541.7643 -1834858.66751 -10607081.17115 -4219154.17275 ] [ 3408530.56397 -4927541.7643 10749471.63394 3280741.51158 2333215.75739 4074135.31095 ] [ 15728074.83089 -1834858.66751 3280741.51158 18335125.01618 1109515.70331 -443188.94449 ] [ -271755.87992 -10607081.17115 2333215.75739 1109515.70331 18339541.79644 3909854.35886 ] [ -933558.35679 -4219154.17275 4074135.31095 -443188.94449 3909854.35886 8132507.97964 ] ] ]

State
Pi 0.004298
A 0.050345 0 0 0 0 0 0.003507 0.946148 
MultiGaussianOPDF [ [ -19684.77112 8592.94998 -5230.24067 -28270.4578 -9251.48942 -5357.51108 ] [ [ 61070836.25491 2179961.79398 5171481.72903 16621948.77893 -55602.9034 2671873.03716 ] [ 2179961.79398 15825811.48481 -820330.98788 -773985.26614 -8979584.55136 -1796469.02613 ] [ 5171481.72903 -820330.98788 18271360.2589 2150141.43729 6568737.77592 6089882.64844 ] [ 16621948.77893 -773985.26614 2150141.43729 15709933.54425 1968045.702 1567002.14172 ] [ -55602.9034 -8979584.55136 6568737.77592 1968045.702 24087943.93957 2858805.92529 ] [ 2671873.03716 -1796469.02613 6089882.64844 1567002.14172 2858805.92529 13322556.22164 ] ] ]

YMCA -8133.572513324439 -3175.6064580523653 1 
Hmm v1.0

NbStates 8

State
Pi 0.010205
A 0.904956 0.001313 0.013812 0.015358 0.001985 0.002423 0.060154 0 
MultiGaussianOPDF [ [ -2149.08841 -1747.87202 5210.57388 -972.20246 888.23466 6245.12451 ] [ [ 3995836.53218 381959.50063 -1242902.53888 1898536.95202 -69366.41166 -454244.17971 ] [ 381959.50063 5016718.93245 -1001677.04677 454389.50326 -2697142.49075 -537044.00828 ] [ -1242902.53888 -1001677.04677 7392844.20554 804964.82658 -906087.79325 595974.48465 ] [ 1898536.95202 454389.50326 804964.82658 6070198.91903 -688457.04899 -895799.43461 ] [ -69366.41166 -2697142.49075 -906087.79325 -688457.04899 4694042.9975 741835.25406 ] [ -454244.17971 -537044.00828 595974.48465 -895799.43461 741835.25406 5350969.18071 ] ] ]

State
Pi 0.77274
A 0.00551 0.870488 0.062668 0.045994 0.000038 0.000002 0.006427 0.008873 
MultiGaussianOPDF [ [ -1275.26485 2203.5451 1649.62819 -1116.05843 -1746.30715 1762.91492 ] [ [ 43843299.26726 -376312.58923 631145.36255 38744792.45113 392243.07793 3516932.0105 ] [ -376312.58923 31072864.43482 -2145124.90881 1637587.39278 -28401496.29598 -5673841.63836 ] [ 631145.36255 -2145124.90881 13347283.95835 150939.34307 254631.34602 9555546.8849 ] [ 38744792.45113 1637587.39278 150939.34307 38474252.17662 -2113724.6308 2413910.51362 ] [ 392243.07793 -28401496.29598 254631.34602 -2113724.6308 37188886.25651 5484531.95864 ] [ 3516932.0105 -5673841.63836 9555546.8849 2413910.51362 5484531.95864 13466199.7228 ] ] ]

State
Pi 0.157222
A 0.058496 0.011395 0.842538 0.047938 0.008112 0.005307 0.000001 0.026214 
MultiGaussianOPDF [ [ -1171.40375 -217.8393 308.36821 -2551.88174 503.53053 666.08279 ] [ [ 7035319.19827 366099.14516 2025051.21128 2072313.25568 -1333351.92381 2048697.85737 ] [ 366099.14516 2595497.75682 -562338.58498 692876.58197 -628438.31192 467871.32264 ] [ 2025051.21128 -562338.58498 6239433.9393 -20103.1573 -912712.5054 1427109.87615 ] [ 2072313.25568 692876.58197 -20103.1573 3983425.3799 133716.21484 579038.66987 ] [ -1333351.92381 -628438.31192 -912712.5054 133716.21484 2082059.99839 -542667.90624 ] [ 2048697.85737 467871.32264 1427109.87615 579038.66987 -542667.90624 6146038.90776 ] ] ]

State
Pi 0
A 0.013331 0.008909 0.020658 0.885552 0.008763 0.02097 0.014387 0.027429 
MultiGaussianOPDF [ [ -2481.61689 202.35804 835.31995 -1108.30576 1120.03145 -6245.19488 ] [ [ 25182328.49662 -3724927.83452 -8861537.74878 -5009589.10306 658188.76996 -660184.83679 ] [ -3724927.83452 18303432.41254 -6698630.29817 3953671.85222 -321121.6778 -7505976.83055 ] [ -8861537.74878 -6698630.29817 52152994.44053 4143536.85592 3278187.27873 -630817.51955 ] [ -5009589.10306 3953671.85222 4143536.85592 41791238.9318 2411352.06677 -20520744.81932 ] [ 658188.76996 -321121.6778 3278187.27873 2411352.06677 18479630.36378 -1609906.96382 ] [ -660184.83679 -7505976.83055 -630817.51955 -20520744.81932 -1609906.96382 93483573.8696 ] ] ]

State
Pi 0.005114
A 0.003843 0 0.000664 0.008756 0.899741 0.048127 0.03809 0.00078 
MultiGaussianOPDF [ [ -5321.5694 1357.5696 -8673.9692 358.81333 120.55405 1790.38548 ] [ [ 10537931.66732 -863181.70233 -2147353.40461 -464364.25637 -831968.292 -244702.71063 ] [ -863181.70233 4139362.27099 -2404466.87356 2805949.09046 139151.32217 -388826.97918 ] [ -2147353.40461 -2404466.87356 23443610.00201 1096392.32594 1103410.0041 -1322542.65269 ] [ -464364.25637 2805949.09046 1096392.32594 12454165.50317 571350.71541 -7338594.70325 ] [ -831968.292 139151.32217 1103410.0041 571350.71541 2024141.10172 1000284.87979 ] [ -244702.71063 -388826.97918 -1322542.65269 -7338594.70325 1000284.87979 10736434.40527 ] ] ]

State
Pi 0
A 0.002735 0.000001 0.003765 0 0.039549 0.905754 0.025047 0.023149 
MultiGaussianOPDF [ [ 2619.97523 3009.41302 -10824.56392 65.26225 231.30089 3882.2661 ] [ [ 14211452.718 -2696507.92418 -3288740.45988 946487.30149 -224055.08603 -2077327.05601 ] [ -2696507.92418 18643841.19485 -892471.01249 3113512.85896 1911560.81649 -3136194.99779 ] [ -3288740.45988 -892471.01249 31194524.97822 4461591.36971 5133445.41748 -965448.74644 ] [ 946487.30149 3113512.85896 4461591.36971 10994404.80079 1784935.17383 -10118615.10755 ] [ -224055.08603 1911560.81649 5133445.41748 1784935.17383 4417005.03848 20448.50564 ] [ -2077327.05601 -3136194.99779 -965448.74644 -10118615.10755 20448.50564 15062789.84103 ] ] ]

State
Pi 0.031275
A 0.003576 0.000225 0.017084 0.013151 0.034298 0.004584 0.927079 0.000003 
MultiGaussianOPDF [ [ -1404.45893 -257.44671 2289.73115 3338.59306 599.36451 1234.98178 ] [ [ 7996285.2354 -100196.93843 -390602.18517 213328.45929 269095.2268 1091049.15273 ] [ -100196.93843 3177881.70269 -1791725.12242 218603.16821 -361823.87897 -140536.16441 ] [ -390602.18517 -1791725.12242 10398834.72677 143839.5768 217047.06342 979213.12805 ] [ 213328.45929 218603.16821 143839.5768 1739851.7738 -121678.63681 -303573.44373 ] [ 269095.2268 -361823.87897 217047.06342 -121678.63681 1936089.17147 250774.58754 ] [ 1091049.15273 -140536.16441 979213.12805 -303573.44373 250774.58754 4251564.58374 ] ] ]

State
Pi 0.023444
A 0 0.001122 0.051608 0.008003 0.003508 0.007368 0.001665 0.926727 
MultiGaussianOPDF [ [ 2247.62905 1952.35963 -5666.05403 1823.47962 -912.70141 -5585.31393 ] [ [ 3630481.31693 683264.11926 -980044.06514 2066580.87787 -899431.09053 -1473295.48733 ] [ 683264.11926 8225466.68706 -4544819.74561 -1324868.34718 -3577989.44838 -2425378.19946 ] [ -980044.06514 -4544819.74561 14421242.39609 2507998.71361 3098140.81542 9494411.95896 ] [ 2066580.87787 -1324868.34718 2507998.71361 5009504.19214 -249716.51007 -1406099.97235 ] [ -899431.09053 -3577989.44838 3098140.81542 -249716.51007 4416886.606 3600312.6982 ] [ -1473295.48733 -2425378.19946 9494411.95896 -1406099.97235 3600312.6982 15824904.81054 ] ] ]

DOUBLE_LARIAT -7316.205831861266 -2360.848393161845 1 
Hmm v1.0

NbStates 8

State
Pi 0.009587
A 0.949761 0.009042 0 0.005631 0.009326 0.01804 0.002142 0.006057 
MultiGaussianOPDF [ [ -13380.11151 1372.23896 3903.78759 -12154.41471 921.80096 5286.38217 ] [ [ 27759087.63672 9965071.50191 -741608.651 20060478.8923 3615460.76546 9170.12833 ] [ 9965071.50191 17196130.25557 -2181626.80138 15027093.70486 7218208.61995 935069.93267 ] [ -741608.651 -2181626.80138 7398445.09235 -3813489.73197 -3843164.23429 -1466303.09505 ] [ 20060478.8923 15027093.70486 -3813489.73197 38406746.28009 8761340.28469 1738892.25421 ] [ 3615460.76546 7218208.61995 -3843164.23429 8761340.28469 15055925.76352 1140782.77208 ] [ 9170.12833 935069.93267 -1466303.09505 1738892.25421 1140782.77208 8344069.08562 ] ] ]

State
Pi 0.424272
A 0.016995 0.941164 0.00199 0.010479 0 0 0.016089 0.013283 
MultiGaussianOPDF [ [ -2289.37709 4113.58258 2489.01573 -2316.54524 1794.58016 4529.60453 ] [ [ 3773080.73092 -601697.94238 615538.16638 2038328.4199 -386600.51745 168208.28019 ] [ -601697.94238 3945574.66318 -1149546.12064 -1716175.41717 963189.19252 590476.5657 ] [ 615538.16638 -1149546.12064 1610276.45697 1160369.65921 -86520.73675 -27232.98864 ] [ 2038328.4199 -1716175.41717 1160369.65921 6058269.84296 -758810.08904 326151.09685 ] [ -386600.51745 963189.19252 -86520.73675 -758810.08904 2979527.473 586579.09685 ] [ 168208.28019 590476.5657 -27232.98864 326151.09685 586579.09685 1277405.36503 ] ] ]

State
Pi 0.390654
A 0 0.003554 0.932619 0.014605 0.049221 0 0 0 
MultiGaussianOPDF [ [ -1400.6688 -1827.24383 4535.99548 -1168.22867 -3865.94576 2392.64897 ] [ [ 2643009.29887 1190199.50707 -21409.60967 1251427.55427 692708.83067 501898.97609 ] [ 1190199.50707 2902247.69649 -348078.98568 732774.73845 989418.87238 582860.9484 ] [ -21409.60967 -348078.98568 1011077.8865 -87706.6845 -499434.39224 39.45998 ] [ 1251427.55427 732774.73845 -87706.6845 2591764.15527 193120.19343 1684.00296 ] [ 692708.83067 989418.87238 -499434.39224 193120.19343 2986069.70297 1340247.25506 ] [ 501898.97609 582860.9484 39.45998 1684.00296 1340247.25506 1848440.36119 ] ] ]

State
Pi 0
A 0.000754 0.005147 0.004923 0.98793 0.001226 0 0 0.000021 
MultiGaussianOPDF [ [ -5803.34706 969.26112 4703.5184 -5114.42453 -1970.84205 4548.8711 ] [ [ 3180972.51446 -122070.31546 -139312.72295 655602.76336 471931.07236 -322787.96642 ] [ -122070.31546 2102347.15099 -254942.31342 -55065.53789 25065.35183 319757.96544 ] [ -139312.72295 -254942.31342 1855535.20554 -169746.99436 -248924.48789 7558.34678 ] [ 655602.76336 -55065.53789 -169746.99436 2373287.42012 439859.66509 -262750.17031 ] [ 471931.07236 25065.35183 -248924.48789 439859.66509 1727168.54875 126471.66657 ] [ -322787.96642 319757.96544 7558.34678 -262750.17031 126471.66657 1137015.39367 ] ] ]

State
Pi 0.120958
A 0.028043 0 0.012572 0.002432 0.917275 0 0.019996 0.019682 
MultiGaussianOPDF [ [ -6964.04363 -2483.523 3190.16805 -5341.22219 -5907.0088 633.43129 ] [ [ 16597069.21352 -6467906.68084 1366598.86014 3877911.80767 1295282.22961 1136903.60561 ] [ -6467906.68084 13671101.71495 -4221358.75456 2011704.51284 1255342.9537 -2208444.38343 ] [ 1366598.86014 -4221358.75456 7167931.5776 -2558514.13596 -1324424.90782 1870948.33483 ] [ 3877911.80767 2011704.51284 -2558514.13596 14451821.78202 959080.59952 -687938.79636 ] [ 1295282.22961 1255342.9537 -1324424.90782 959080.59952 7271503.93844 895837.00147 ] [ 1136903.60561 -2208444.38343 1870948.33483 -687938.79636 895837.00147 5392244.63964 ] ] ]

State
Pi 0.05453
A 0.040842 0 0 0 0 0.950026 0 0.009132 
MultiGaussianOPDF [ [ -22070.81681 -1726.65415 4936.60361 -21305.02348 -1074.48282 5654.0877 ] [ [ 75198102.72313 6460870.60343 11143694.0951 54307881.79488 -275491.16636 -8130714.82551 ] [ 6460870.60343 60936624.00691 8793063.5095 -8890.06668 14264684.19901 262898.3507 ] [ 11143694.0951 8793063.5095 37391161.336 15907573.83274 4590294.78168 6211032.53807 ] [ 54307881.79488 -8890.06668 15907573.83274 88766825.49124 3046180.17961 -4450009.62073 ] [ -275491.16636 14264684.19901 4590294.78168 3046180.17961 52800359.19 4075694.12676 ] [ -8130714.82551 262898.3507 6211032.53807 -4450009.62073 4075694.12676 39126301.37574 ] ] ]

State
Pi 0
A 0.001861 0.002587 0 0 0.011313 0 0.982314 0.001924 
MultiGaussianOPDF [ [ -9075.78421 981.20931 614.71882 -8880.92036 -1238.85392 1126.92004 ] [ [ 3462811.88121 -57051.47314 172791.28092 1132615.219 299344.90294 313342.60593 ] [ -57051.47314 1848553.24552 69789.86047 -197907.07784 647165.78431 169045.31356 ] [ 172791.28092 69789.86047 1787237.34669 -46723.84944 27386.16082 232106.15411 ] [ 1132615.219 -197907.07784 -46723.84944 3617819.36075 141001.20729 1079093.54993 ] [ 299344.90294 647165.78431 27386.16082 141001.20729 1879049.17253 606640.1957 ] [ 313342.60593 169045.31356 232106.15411 1079093.54993 606640.1957 1814178.225 ] ] ]

State
Pi 0
A 0.009203 0.006114 0 0.000775 0.00961 0.003243 0.002251 0.968803 
MultiGaussianOPDF [ [ -13913.26329 6448.32944 -116.73715 -13119.75316 -6569.10361 1717.93788 ] [ [ 27265248.97591 1520793.32318 2295699.12595 9452275.9448 6888664.50329 5919642.32019 ] [ 1520793.32318 12349346.56795 -2617815.37213 1733991.0343 -2535224.12913 2434664.74173 ] [ 2295699.12595 -2617815.37213 10220610.15897 1310404.72836 -1122927.37833 2322074.34937 ] [ 9452275.9448 1733991.0343 1310404.72836 19793813.09346 1730069.79417 6757533.05428 ] [ 6888664.50329 -2535224.12913 -1122927.37833 1730069.79417 19824760.52285 1192204.26987 ] [ 5919642.32019 2434664.74173 2322074.34937 6757533.05428 1192204.26987 9714991.29212 ] ] ]

LEFT_SHORYUKEN -3208.4243172485217 -631.4383101496074 1 
Hmm v1.0

NbStates 5

State
Pi 0.409704
A 0.900536 0 0.077625 0.021839 0 
MultiGaussianOPDF [ [ -1473.76829 1127.7692 -2320.48315 ] [ [ 4083690.45207 -196113.77488 -766682.29528 ] [ -196113.77488 3162342.15664 -503586.50399 ] [ -766682.29528 -503586.50399 7268069.39125 ] ] ]

State
Pi 0.047102
A 0 0.890992 0.012585 0.069297 0.027126 
MultiGaussianOPDF [ [ -10871.13223 3603.6784 -27899.21447 ] [ [ 86669305.2891 30315938.77033 17435089.55958 ] [ 30315938.77033 100133357.4802 -7799066.62275 ] [ 17435089.55958 -7799066.62275 27809630.16584 ] ] ]

State
Pi 0.4099
A 0.017477 0.069694 0.902373 0.010087 0.000368 
MultiGaussianOPDF [ [ 3324.6166 2350.98477 -5414.0343 ] [ [ 11318958.40831 1340327.58534 3263296.66614 ] [ 1340327.58534 38639444.49679 -5122533.6901 ] [ 3263296.66614 -5122533.6901 45746650.20024 ] ] ]

State
Pi 0.066337
A 0.066242 0.001067 0.022019 0.8839 0.026772 
MultiGaussianOPDF [ [ -7064.21469 4818.58036 -4720.05014 ] [ [ 10786692.23024 -2233872.80232 10540156.79565 ] [ -2233872.80232 43198948.38904 -14580899.71558 ] [ 10540156.79565 -14580899.71558 56180331.75989 ] ] ]

State
Pi 0.066957
A 0 0.002415 0 0.08039 0.917195 
MultiGaussianOPDF [ [ -21131.12912 13998.8117 -11002.48144 ] [ [ 57401547.44824 -35797469.60627 70977595.07672 ] [ -35797469.60627 114883395.60121 -77227083.83128 ] [ 70977595.07672 -77227083.83128 177304719.88781 ] ] ]

RIGHT_JAB -1304.7346058949925 -238.45410921415157 1 
Hmm v1.0

NbStates 5

State
Pi 0
A 0.867445 0 0.132555 0 0 
MultiGaussianOPDF [ [ -11781.4812 -682.7969 2425.4909 ] [ [ 119134310.22425 59515097.66378 -48916893.72563 ] [ 59515097.66378 100957919.70906 -26382595.91084 ] [ -48916893.72563 -26382595.91084 59381577.11421 ] ] ]

State
Pi 0.227726
A 0.202069 0.793383 0.000138 0.000067 0.004344 
MultiGaussianOPDF [ [ 10056.35614 6835.81667 -1488.6225 ] [ [ 14315207.07134 -1200329.73805 -270184.33185 ] [ -1200329.73805 54399115.98629 4512459.50877 ] [ -270184.33185 4512459.50877 18595387.1768 ] ] ]

State
Pi 0.024075
A 0.059024 0 0.936291 0.000558 0.004127 
MultiGaussianOPDF [ [ -1682.27205 117.65674 2834.4972 ] [ [ 7260157.66286 1112192.80871 -940383.25652 ] [ 1112192.80871 7467440.28138 -904784.1414 ] [ -940383.25652 -904784.1414 3030522.3031 ] ] ]

State
Pi 0.476984
A 0 0.02334 0.014191 0.849469 0.112999 
MultiGaussianOPDF [ [ 4762.27675 -3042.13743 138.9942 ] [ [ 4045706.68278 -1516689.39923 -1080096.41682 ] [ -1516689.39923 2543056.8093 1454062.20189 ] [ -1080096.41682 1454062.20189 4591100.49017 ] ] ]

State
Pi 0.271215
A 0 0.061506 0.103605 0.003417 0.831472 
MultiGaussianOPDF [ [ 6549.14195 632.93385 1167.63339 ] [ [ 4277988.87147 -593292.90775 -515794.14039 ] [ -593292.90775 4923667.89868 -1929794.88226 ] [ -515794.14039 -1929794.88226 3982132.06805 ] ] ]

RIGHT_SHORYUKEN -3293.49805966328 -663.5364013859353 1 
Hmm v1.0

NbStates 5

State
Pi 0.357997
A 0.85834 0.007905 0.036541 0.03198 0.065234 
MultiGaussianOPDF [ [ -2962.86433 -5428.87416 -13200.48934 ] [ [ 52380790.35652 5359193.94379 21007158.09397 ] [ 5359193.94379 19205086.90055 1131251.45761 ] [ 21007158.09397 1131251.45761 41462044.33988 ] ] ]

State
Pi 0.005079
A 0.008637 0.911606 0.074764 0.004993 0 
MultiGaussianOPDF [ [ -2693.83807 -2631.05538 -64.60754 ] [ [ 30503747.16034 12126426.64585 11381664.67686 ] [ 12126426.64585 51071551.43454 585256.58789 ] [ 11381664.67686 585256.58789 22213066.45139 ] ] ]

State
Pi 0.544325
A 0.060468 0.016914 0.922618 0 0 
MultiGaussianOPDF [ [ -344.46034 -1401.46613 -3204.4159 ] [ [ 5478393.62538 2087838.19151 -1139029.43001 ] [ 2087838.19151 7683410.93657 -1398916.67278 ] [ -1139029.43001 -1398916.67278 6975050.74958 ] ] ]

State
Pi 0.062829
A 0.007674 0.111114 0.000888 0.877532 0.002791 
MultiGaussianOPDF [ [ -18993.56922 -16740.48535 -13736.12363 ] [ [ 70762354.96315 9967261.3091 33204869.07186 ] [ 9967261.3091 86353805.31855 32498712.14814 ] [ 33204869.07186 32498712.14814 102283992.44106 ] ] ]

State
Pi 0.02977
A 0.051783 0 0.001429 0.089552 0.857235 
MultiGaussianOPDF [ [ -23050.85389 -8164.74676 -32141.06185 ] [ [ 51583388.75253 9932644.60569 2809269.46995 ] [ 9932644.60569 70265805.83475 428341.5187 ] [ 2809269.46995 428341.5187 2017305.56344 ] ] ]

PSYCHO_CRUSHER -5590.571241307611 -2160.6783510889218 1 
Hmm v1.0

NbStates 8

State
Pi 0
A 0.921426 0 0.020025 0.007246 0.034869 0.013017 0.003416 0 
MultiGaussianOPDF [ [ 2699.02337 600.64486 -1582.13577 2536.21617 689.86758 -1764.25126 ] [ [ 3697129.26045 45127.30049 588824.25536 259616.94985 -163438.08507 33476.3217 ] [ 45127.30049 6543558.40962 1310515.5692 -506788.38741 32699.45593 -1637819.3485 ] [ 588824.25536 1310515.5692 4343439.18129 -196917.78955 271656.00415 -743899.13693 ] [ 259616.94985 -506788.38741 -196917.78955 2391152.95547 -1095220.39626 192880.49294 ] [ -163438.08507 32699.45593 271656.00415 -1095220.39626 6366252.79323 528229.89608 ] [ 33476.3217 -1637819.3485 -743899.13693 192880.49294 528229.89608 3623531.68634 ] ] ]

State
Pi 0.586648
A 0 0.918749 0.006153 0 0.001643 0.001011 0.041417 0.031027 
MultiGaussianOPDF [ [ -571.55102 695.0453 4760.57835 -142.41279 -1531.46505 4332.18406 ] [ [ 1447363.591 369199.78659 -849483.76799 242254.26845 398675.93366 526077.85175 ] [ 369199.78659 3007169.90997 -883098.10099 -327401.76928 647802.20696 1101408.50753 ] [ -849483.76799 -883098.10099 3079135.00986 202899.63756 -1404828.69356 67660.7995 ] [ 242254.26845 -327401.76928 202899.63756 1532672.88659 -248215.74844 -867915.02159 ] [ 398675.93366 647802.20696 -1404828.69356 -248215.74844 3144427.85914 465265.77883 ] [ 526077.85175 1101408.50753 67660.7995 -867915.02159 465265.77883 3406252.77254 ] ] ]

State
Pi 0.045983
A 0.008936 0.025718 0.89164 0 0.016208 0.000011 0.05082 0.006668 
MultiGaussianOPDF [ [ 1472.16456 -337.86122 344.82281 131.27635 -3513.54836 1887.44713 ] [ [ 2658433.83355 28792.27868 -954037.44196 -202689.35936 80521.34527 480343.7854 ] [ 28792.27868 6565934.8489 1813075.86204 -1896864.92942 -479573.35421 205998.43878 ] [ -954037.44196 1813075.86204 5722341.09389 -735786.67808 -1453917.21644 -920203.33558 ] [ -202689.35936 -1896864.92942 -735786.67808 3370324.75757 388303.74604 -122685.65451 ] [ 80521.34527 -479573.35421 -1453917.21644 388303.74604 4569221.92315 850754.33831 ] [ 480343.7854 205998.43878 -920203.33558 -122685.65451 850754.33831 5866573.6211 ] ] ]

State
Pi 0
A 0.035304 0 0 0.938318 0.014815 0.000888 0.010675 0 
MultiGaussianOPDF [ [ 57.61212 5203.15095 -4791.21669 145.53988 2048.87714 2016.60711 ] [ [ 6099868.65047 -1516330.50323 1254475.52182 1331067.97634 -1200682.16988 240309.25899 ] [ -1516330.50323 11216449.4296 3103190.46267 -1463777.71838 -189991.9608 3200580.10102 ] [ 1254475.52182 3103190.46267 9381091.21125 -662511.67698 -747165.15574 2992526.2798 ] [ 1331067.97634 -1463777.71838 -662511.67698 4422563.40443 -854252.63773 -2585208.22045 ] [ -1200682.16988 -189991.9608 -747165.15574 -854252.63773 3937553.33907 -1174025.59058 ] [ 240309.25899 3200580.10102 2992526.2798 -2585208.22045 -1174025.59058 7126648.35894 ] ] ]

State
Pi 0.221067
A 0.022895 0.023594 0.036117 0.003587 0.892717 0.005334 0.012789 0.002968 
MultiGaussianOPDF [ [ 2525.39647 2569.5891 1731.77099 2795.30626 -1308.99824 854.30669 ] [ [ 2976938.49258 -1115967.4752 -187005.31204 681378.85248 -822416.23328 399856.27546 ] [ -1115967.4752 5091631.96511 -1099773.80992 -650078.8048 -78038.27557 298842.82933 ] [ -187005.31204 -1099773.80992 4762052.22295 420374.40163 -1758009.30329 -472820.65615 ] [ 681378.85248 -650078.8048 420374.40163 2161072.81954 -247122.35577 -442739.59776 ] [ -822416.23328 -78038.27557 -1758009.30329 -247122.35577 6296352.15923 522807.44902 ] [ 399856.27546 298842.82933 -472820.65615 -442739.59776 522807.44902 2813156.34075 ] ] ]

State
Pi 0
A 0.03666 0 0.021344 0 0.013462 0.919488 0 0.009046 
MultiGaussianOPDF [ [ 915.21248 -2084.9899 1026.20569 914.92563 -1689.7134 -4387.02913 ] [ [ 2961528.31814 446950.18527 -478769.78042 340412.9045 -15859.46784 740194.70045 ] [ 446950.18527 3683820.52179 1137387.39958 74280.40298 -1119842.74263 -274343.31783 ] [ -478769.78042 1137387.39958 4743477.05369 183683.81318 -1611238.05077 500148.92097 ] [ 340412.9045 74280.40298 183683.81318 1870665.07414 495241.89185 -212794.72881 ] [ -15859.46784 -1119842.74263 -1611238.05077 495241.89185 8721395.86362 100486.55308 ] [ 740194.70045 -274343.31783 500148.92097 -212794.72881 100486.55308 4389125.07781 ] ] ]

State
Pi 0.105842
A 0.003352 0.036696 0.002102 0.047229 0.012988 0 0.877932 0.019701 
MultiGaussianOPDF [ [ -1415.11396 2936.11352 3001.40735 -1641.08509 -684.597 5193.17843 ] [ [ 9120495.12851 -538218.05029 -1730340.84825 2121897.71353 2462122.43079 1439363.69271 ] [ -538218.05029 12408728.06875 235318.14935 3598203.36171 -85621.15764 -570366.86645 ] [ -1730340.84825 235318.14935 14629420.47982 2613291.0457 198142.38052 1861235.99045 ] [ 2121897.71353 3598203.36171 2613291.0457 12779576.02968 2056698.06761 -1642779.55977 ] [ 2462122.43079 -85621.15764 198142.38052 2056698.06761 11964916.9668 -785431.97735 ] [ 1439363.69271 -570366.86645 1861235.99045 -1642779.55977 -785431.97735 10075419.02311 ] ] ]

State
Pi 0.04046
A 0 0.00401 0.0103 0 0.002798 0.061425 0.018664 0.902804 
MultiGaussianOPDF [ [ -2535.95407 -2414.24206 5208.50177 -1119.12554 -6074.32446 -1618.00217 ] [ [ 6115823.09105 -803847.08063 -2880095.00497 335100.67191 -1021670.6763 791020.7383 ] [ -803847.08063 9417159.41666 1633034.5914 13242.7711 652773.74859 767136.75768 ] [ -2880095.00497 1633034.5914 10973598.44921 823237.28287 43841.62617 5183625.33526 ] [ 335100.67191 13242.7711 823237.28287 8667380.76459 4617786.90051 -105153.94734 ] [ -1021670.6763 652773.74859 43841.62617 4617786.90051 17926077.97009 -4691390.98759 ] [ 791020.7383 767136.75768 5183625.33526 -105153.94734 -4691390.98759 21206639.23313 ] ] ]

LEFT_HOOK -1710.7197906622496 -305.16230272790006 1 
Hmm v1.0

NbStates 5

State
Pi 0
A 0.901292 0 0.081666 0.017042 0 
MultiGaussianOPDF [ [ -13857.31265 -4192.48302 2091.96231 ] [ [ 68277178.46289 -773169.34254 -1426232.76477 ] [ -773169.34254 29748436.59997 -932690.14197 ] [ -1426232.76477 -932690.14197 25670457.92328 ] ] ]

State
Pi 0.523164
A 0.000612 0.907155 0.025275 0.005587 0.061371 
MultiGaussianOPDF [ [ 4037.14456 4056.6331 -7264.80496 ] [ [ 10122683.17704 2624833.67914 1508125.81966 ] [ 2624833.67914 12904756.64672 -4095327.77649 ] [ 1508125.81966 -4095327.77649 12821629.38648 ] ] ]

State
Pi 0.297355
A 0.000593 0.016458 0.941648 0.041302 0 
MultiGaussianOPDF [ [ -694.0666 3862.12069 667.68041 ] [ [ 26299323.62162 7623127.34347 7062441.23011 ] [ 7623127.34347 12361444.58206 -1310575.12638 ] [ 7062441.23011 -1310575.12638 10298492.22111 ] ] ]

State
Pi 0.179481
A 0.059397 0.002338 0.003809 0.910666 0.02379 
MultiGaussianOPDF [ [ -7852.78127 17920.1724 -3660.48977 ] [ [ 116394339.58892 -23220869.38827 17131462.0896 ] [ -23220869.38827 42593056.61089 -17023372.23453 ] [ 17131462.0896 -17023372.23453 70356316.30744 ] ] ]

State
Pi 0
A 0.088516 0 0 0.002478 0.909006 
MultiGaussianOPDF [ [ -12060.59698 4526.9003 -18029.33499 ] [ [ 123983534.63878 -6175323.09447 20164737.1031 ] [ -6175323.09447 42509544.53422 -11939911.6338 ] [ 20164737.1031 -11939911.6338 37294748.89176 ] ] ]

SUMO_HEADBUTT -3907.082370500962 -747.8274530487932 1 
Hmm v1.0

NbStates 8

State
Pi 0
A 0.711013 0.148745 0.079362 0 0 0.06088 0 0 
MultiGaussianOPDF [ [ -17297.62344 3454.67501 5382.0487 -12615.85385 -2112.74069 2852.13792 ] [ [ 89414201.7299 18675083.79101 -54208212.07379 8916494.98698 5755515.26834 13240249.57973 ] [ 18675083.79101 96480719.62686 -17569112.76343 18974251.23132 2985820.85961 -2509233.5238 ] [ -54208212.07379 -17569112.76343 105200531.04291 2549535.1705 -248640.70641 3742927.26571 ] [ 8916494.98698 18974251.23132 2549535.1705 124155531.82711 25023122.06348 -48915794.0964 ] [ 5755515.26834 2985820.85961 -248640.70641 25023122.06348 85318072.75481 4202810.73673 ] [ 13240249.57973 -2509233.5238 3742927.26571 -48915794.0964 4202810.73673 79905348.69256 ] ] ]

State
Pi 0
A 0.201448 0.629773 0.00956 0.03438 0.003688 0.121151 0 0 
