36
RINGMASTER_ERUPTION -7036.534957894321 -631.5820987242848 1 
Hmm v1.0

NbStates 7

State
Pi 0
A 0.959037 0 0 0.040963 0 0 0 
MultiGaussianOPDF [ [ 1944.7291 -4139.3975 2220.70517 3125.8144 4785.15614 845.71547 ] [ [ 37524748.68346 4267884.24419 -2854955.86601 11074326.9458 -6144163.53348 -10320871.13625 ] [ 4267884.24419 24357485.54115 525955.9323 1632207.90926 -16016966.33235 1596556.08923 ] [ -2854955.86601 525955.9323 22668316.92295 -331793.31494 -1842484.7508 11996341.58945 ] [ 11074326.9458 1632207.90926 -331793.31494 25555736.61326 -2992661.42056 -5615132.62524 ] [ -6144163.53348 -16016966.33235 -1842484.7508 -2992661.42056 30958862.00311 2396688.20445 ] [ -10320871.13625 1596556.08923 11996341.58945 -5615132.62524 2396688.20445 23689145.75601 ] ] ]

State
Pi 0.216164
A 0 0.878141 0 0 0.085323 0.015332 0.021204 
MultiGaussianOPDF [ [ -16620.15862 13319.12124 -15561.13753 -25270.14993 -13337.89276 -14820.99893 ] [ [ 71538056.38781 -10405589.98447 1493086.95236 28749382.41828 -19591889.37317 -13376808.82218 ] [ -10405589.98447 65827562.70927 -17231415.21191 -4468874.29635 -34132613.52994 -13558672.72958 ] [ 1493086.95236 -17231415.21191 75657521.04071 13902516.67102 5437004.19887 47573422.20999 ] [ 28749382.41828 -4468874.29635 13902516.67102 53129044.3797 -2261595.89426 -1521986.23766 ] [ -19591889.37317 -34132613.52994 5437004.19887 -2261595.89426 71848676.12826 5676546.49517 ] [ -13376808.82218 -13558672.72958 47573422.20999 -1521986.23766 5676546.49517 88391851.85331 ] ] ]

State
Pi 0.297253
A 0.016689 0 0.942479 0.012991 0 0.027841 0 
MultiGaussianOPDF [ [ -4165.40999 896.21114 -2044.54236 -4450.01393 -879.57854 -1898.97599 ] [ [ 10899935.77034 -3245173.60071 1091381.5562 9480601.34186 4212993.63038 1021838.00279 ] [ -3245173.60071 6067564.62647 -1024007.49374 -2917835.84372 -6176737.27642 -2345545.89193 ] [ 1091381.5562 -1024007.49374 2694976.23554 524053.38619 636230.65617 2406049.38204 ] [ 9480601.34186 -2917835.84372 524053.38619 10321905.76499 4382718.46083 761744.65818 ] [ 4212993.63038 -6176737.27642 636230.65617 4382718.46083 8290024.00321 2213949.06039 ] [ 1021838.00279 -2345545.89193 2406049.38204 761744.65818 2213949.06039 3608102.25566 ] ] ]

State
Pi 0
A 0.011051 0 0 0.988949 0 0 0 
MultiGaussianOPDF [ [ 4960.5109 -274.85423 -2554.83121 4729.90027 864.87577 -3248.82434 ] [ [ 5952140.30507 269726.22383 -2171487.7862 5659486.17169 -576193.47338 -4177173.74248 ] [ 269726.22383 4349093.6474 -491846.67893 334758.81375 -3931263.01694 -1122708.07218 ] [ -2171487.7862 -491846.67893 6827976.37033 -1489581.54838 20463.56317 6751662.40732 ] [ 5659486.17169 334758.81375 -1489581.54838 5916564.94059 -769145.21184 -3569342.56254 ] [ -576193.47338 -3931263.01694 20463.56317 -769145.21184 5227539.52389 1020148.10331 ] [ -4177173.74248 -1122708.07218 6751662.40732 -3569342.56254 1020148.10331 9411744.01765 ] ] ]

State
Pi 0.031716
A 0 0.020646 0 0 0.885676 0 0.093678 
MultiGaussianOPDF [ [ -32216.90579 15066.68903 -14905.80473 -32799.98557 -6629.01534 -11294.3322 ] [ [ 567598.77281 -223367.33953 1348077.9807 -111075.58717 -1659408.34603 1332972.43927 ] [ -223367.33953 53430360.44133 525839.52515 -51703.64337 -34768728.16051 -19904482.50368 ] [ 1348077.9807 525839.52515 92757213.68879 -1098562.91308 -1002084.96912 44837689.51678 ] [ -111075.58717 -51703.64337 -1098562.91308 75680.86634 620216.38206 -828604.41267 ] [ -1659408.34603 -34768728.16051 -1002084.96912 620216.38206 83302779.27704 35132563.9874 ] [ 1332972.43927 -19904482.50368 44837689.51678 -828604.41267 35132563.9874 148261048.80007 ] ] ]

State
Pi 0.454867
A 0.016634 0.052097 0.021117 0 0 0.90851 0.001643 
MultiGaussianOPDF [ [ -9613.64334 4267.81437 -6969.49758 -10298.18841 -3765.51544 -7053.83029 ] [ [ 26309394.10073 -2701793.18041 6952469.95269 19680285.19545 -2402354.44838 2592305.0189 ] [ -2701793.18041 20576737.26143 -6636949.10739 -3590049.41395 -12142084.36275 -8649413.101 ] [ 6952469.95269 -6636949.10739 22504124.66853 7357124.12286 1294159.34697 17267322.98176 ] [ 19680285.19545 -3590049.41395 7357124.12286 27343505.27606 2232822.46333 6064599.45863 ] [ -2402354.44838 -12142084.36275 1294159.34697 2232822.46333 19802979.42366 5615363.39408 ] [ 2592305.0189 -8649413.101 17267322.98176 6064599.45863 5615363.39408 25148714.6707 ] ] ]

State
Pi 0
A 0.071582 0 0 0 0 0.001004 0.927414 
MultiGaussianOPDF [ [ -22193.83187 -2999.32796 -3073.64334 -13115.41846 12957.33692 6218.34435 ] [ [ 106687512.45712 -99739483.35083 48911007.36068 43185909.2611 9677947.90506 12875184.42258 ] [ -99739483.35083 173661975.68641 -108186146.51722 -34699347.06196 -29760646.11521 -8554403.44576 ] [ 48911007.36068 -108186146.51722 182767437.93812 42476780.03962 18830973.37241 17079135.67468 ] [ 43185909.2611 -34699347.06196 42476780.03962 140994098.31387 21100865.13506 18418754.51084 ] [ 9677947.90506 -29760646.11521 18830973.37241 21100865.13506 97085293.93763 60463877.49432 ] [ 12875184.42258 -8554403.44576 17079135.67468 18418754.51084 60463877.49432 115135804.83427 ] ] ]

LEFT_HOOK -1.7976931348623157E308 -1.7976931348623157E308 0 
RINGMASTER_DRUM -9741.08526409627 -700.9750260895993 1 
Hmm v1.0

NbStates 7

State
Pi 0.016945
A 0.73026 0.00012 0.043213 0 0.021318 0.081189 0.123899 
MultiGaussianOPDF [ [ -16684.34106 8551.48456 12068.73468 -14133.7268 -12405.0441 14616.25895 ] [ [ 127955925.25763 -24473846.55536 23029404.10303 15967955.36477 5042332.8663 11525053.44144 ] [ -24473846.55536 170933574.75723 1551372.40727 -26630263.13808 -60326865.25824 -1510602.65296 ] [ 23029404.10303 1551372.40727 134069801.45061 15890745.60689 15516995.2682 17485540.33763 ] [ 15967955.36477 -26630263.13808 15890745.60689 150194203.77893 17837887.2031 19802591.06925 ] [ 5042332.8663 -60326865.25824 15516995.2682 17837887.2031 136582598.481 -69625274.58603 ] [ 11525053.44144 -1510602.65296 17485540.33763 19802591.06925 -69625274.58603 146319114.3844 ] ] ]

State
Pi 0.034987
A 0.007192 0.828241 0.039109 0.022854 0.09224 0 0.010365 
MultiGaussianOPDF [ [ -11446.71679 1177.64322 -4034.95769 -16180.45305 -25496.00397 -10524.32353 ] [ [ 103717631.50946 52051492.06308 24485989.30946 49556269.79989 12412479.38371 11491774.4702 ] [ 52051492.06308 520643965.97347 -9724742.1725 69047211.71167 49859352.1361 41286272.36325 ] [ 24485989.30946 -9724742.1725 90438142.93618 22847487.92965 4933069.2066 13882848.44348 ] [ 49556269.79989 69047211.71167 22847487.92965 139151134.82471 25029234.80745 31872453.33319 ] [ 12412479.38371 49859352.1361 4933069.2066 25029234.80745 65905917.48343 46162820.57709 ] [ 11491774.4702 41286272.36325 13882848.44348 31872453.33319 46162820.57709 132808653.07975 ] ] ]

State
Pi 0.616344
A 0.001346 0.003191 0.907086 0.048785 0.031272 0.006572 0.001748 
MultiGaussianOPDF [ [ -1507.86156 3187.97578 -11.41209 -1479.77042 -2375.81315 -1281.8489 ] [ [ 10688700.31228 -2937634.82301 -2308905.3372 5009369.62802 1662679.60018 -2296666.47517 ] [ -2937634.82301 15339541.88095 390663.46182 -36544.23868 -6192586.74458 773453.36326 ] [ -2308905.3372 390663.46182 22970342.69558 1490849.01521 3978414.31875 13578407.34127 ] [ 5009369.62802 -36544.23868 1490849.01521 12245641.79506 3075521.50842 2102982.91441 ] [ 1662679.60018 -6192586.74458 3978414.31875 3075521.50842 24724284.91568 -6701559.05562 ] [ -2296666.47517 773453.36326 13578407.34127 2102982.91441 -6701559.05562 43736447.0106 ] ] ]

State
Pi 0.075231
A 0.006455 0.004038 0.007041 0.941937 0.025024 0.00017 0.015336 
MultiGaussianOPDF [ [ -3464.35783 -1148.53814 -599.09448 -4575.96991 -224.61363 1058.18023 ] [ [ 131491407.49537 -103723723.0369 -31225034.44789 46408646.74217 47645873.21213 -12233727.71726 ] [ -103723723.0369 134436215.66742 29014841.79148 -23745539.02663 -29740730.99108 4339673.12499 ] [ -31225034.44789 29014841.79148 30533753.1705 -8879488.75468 -9257131.17854 4965724.14588 ] [ 46408646.74217 -23745539.02663 -8879488.75468 108299712.65183 100890569.29054 -20581409.06509 ] [ 47645873.21213 -29740730.99108 -9257131.17854 100890569.29054 153209066.11401 -20084242.27072 ] [ -12233727.71726 4339673.12499 4965724.14588 -20581409.06509 -20084242.27072 24346401.5539 ] ] ]

State
Pi 0.133591
A 0.03614 0.056766 0.00003 0.003079 0.806256 0.057499 0.040229 
MultiGaussianOPDF [ [ -11143.51671 2267.59702 -11361.35106 -15344.09874 11653.59841 -13986.66879 ] [ [ 123409474.84784 18828416.60433 -4992717.01826 35016423.83236 -16883057.38149 12252039.24509 ] [ 18828416.60433 336178423.94841 65239340.36464 -12668085.16278 44975372.0589 12141346.85525 ] [ -4992717.01826 65239340.36464 166535306.09029 12148993.85655 35548798.54202 -10003436.49554 ] [ 35016423.83236 -12668085.16278 12148993.85655 123779959.39541 17458025.56508 -24094396.34659 ] [ -16883057.38149 44975372.0589 35548798.54202 17458025.56508 225202525.03814 -40363694.56562 ] [ 12252039.24509 12141346.85525 -10003436.49554 -24094396.34659 -40363694.56562 180337290.51613 ] ] ]

State
Pi 0.056148
A 0.142327 0.004109 0.009612 0.005989 0.032141 0.805822 0 
MultiGaussianOPDF [ [ -10999.77945 6950.63463 22302.57063 -15955.76384 4238.21309 -21506.68669 ] [ [ 84809266.03432 -28530440.05784 -1101852.39339 25699077.21819 -11845910.23027 5238235.6162 ] [ -28530440.05784 194080609.92978 -8868147.38331 -37544040.31054 64438696.63625 -18833510.22094 ] [ -1101852.39339 -8868147.38331 48281591.15617 -18056494.70564 3673040.41137 -14372675.56673 ] [ 25699077.21819 -37544040.31054 -18056494.70564 136340537.78191 -23695799.8809 -6036279.35592 ] [ -11845910.23027 64438696.63625 3673040.41137 -23695799.8809 117267207.97793 -72304274.98026 ] [ 5238235.6162 -18833510.22094 -14372675.56673 -6036279.35592 -72304274.98026 158710974.70757 ] ] ]

State
Pi 0.066754
A 0.103393 0 0.005773 0.004265 0.07676 0 0.809808 
MultiGaussianOPDF [ [ -11225.02023 -5345.63561 -20667.5962 -10546.29366 -11976.4618 21771.83359 ] [ [ 127552868.43507 39157664.41864 17980920.95247 12534810.47618 71169861.68092 -22986004.98848 ] [ 39157664.41864 146519095.0734 49523511.80684 -2480912.65872 69137725.12612 -1123142.39899 ] [ 17980920.95247 49523511.80684 149192080.68398 -959422.82998 46079570.36778 -13810705.92961 ] [ 12534810.47618 -2480912.65872 -959422.82998 108410887.53437 6391106.68029 9817991.98788 ] [ 71169861.68092 69137725.12612 46079570.36778 6391106.68029 158291454.10865 -33486685.92357 ] [ -22986004.98848 -1123142.39899 -13810705.92961 9817991.98788 -33486685.92357 72822199.46797 ] ] ]

LEFT_SHORYUKEN -1.7976931348623157E308 -1.7976931348623157E308 0 
RINGMASTER_RIGHT_HALF_RING -2393.383875467794 -236.5506570408001 1 
Hmm v1.0

NbStates 5

State
Pi 0.009863
A 0.912598 0.087402 0 0 0 
MultiGaussianOPDF [ [ -16649.5724 8434.43549 10845.87523 ] [ [ 124342966.38744 15282657.87596 13574651.27458 ] [ 15282657.87596 74802217.20701 41104368.06097 ] [ 13574651.27458 41104368.06097 112094614.92109 ] ] ]

State
Pi 0
A 0.007418 0.990015 0.002567 0 0 
MultiGaussianOPDF [ [ 2481.30263 3408.71187 -509.96784 ] [ [ 11177972.5014 -7783080.12375 -231745.47746 ] [ -7783080.12375 15136024.88779 -1911184.56393 ] [ -231745.47746 -1911184.56393 13435650.35269 ] ] ]

State
Pi 0.443099
A 0 0.029903 0.954505 0.015592 0 
MultiGaussianOPDF [ [ -5245.37943 -1349.56966 -3737.99834 ] [ [ 7982117.2384 2590766.74977 2318303.30753 ] [ 2590766.74977 6510442.7766 49255.81848 ] [ 2318303.30753 49255.81848 9862668.66418 ] ] ]

State
Pi 0.490576
A 0 0 0 0.900335 0.099665 
MultiGaussianOPDF [ [ -19151.042 -13382.90832 -18384.4393 ] [ [ 70681149.01644 28860094.29815 29589749.10666 ] [ 28860094.29815 95373351.05057 26145844.88166 ] [ 29589749.10666 26145844.88166 69057328.15528 ] ] ]

State
Pi 0.056462
A 0.102725 0 0 0.000885 0.89639 
MultiGaussianOPDF [ [ -32558.8002 -7490.35764 -15872.88268 ] [ [ 718883.08323 -87196.55744 749246.13898 ] [ -87196.55744 26275473.42865 11332387.20258 ] [ 749246.13898 11332387.20258 77087154.44821 ] ] ]

HADOUKEN -1.7976931348623157E308 -1.7976931348623157E308 0 
RIGHT_CHOP -1.7976931348623157E308 -1.7976931348623157E308 0 
SUMO_HEADBUTT -1.7976931348623157E308 -1.7976931348623157E308 0 
RINGMASTER_LEFT_CIRCLE -3570.6613001332007 -257.90978344804927 1 
Hmm v1.0

NbStates 5

State
Pi 0.234494
A 0.89236 0.04134 0 0.002686 0.063615 
MultiGaussianOPDF [ [ -14589.67665 17076.40829 -7697.23694 ] [ [ 141817700.29359 -7372943.34356 9641758.30407 ] [ -7372943.34356 59691982.33717 -6853480.17639 ] [ 9641758.30407 -6853480.17639 148852596.53732 ] ] ]

State
Pi 0.513081
A 0.011084 0.939112 0.039436 0.003456 0.006911 
MultiGaussianOPDF [ [ -792.67589 5689.45833 -3773.5616 ] [ [ 13841479.26292 -5919898.79376 -3820778.48867 ] [ -5919898.79376 17657724.48432 3076267.19719 ] [ -3820778.48867 3076267.19719 23347619.40162 ] ] ]

State
Pi 0.064257
A 0 0.014871 0.949595 0.026379 0.009156 
MultiGaussianOPDF [ [ -3308.54612 -4761.67856 -938.82307 ] [ [ 7129132.93342 -4659551.72697 -5644393.01576 ] [ -4659551.72697 21064793.02152 13219111.28769 ] [ -5644393.01576 13219111.28769 25409485.20262 ] ] ]

State
Pi 0.090715
A 0.060516 0.008168 0.001953 0.928059 0.001304 
MultiGaussianOPDF [ [ -8567.52847 -8486.67865 -16420.55997 ] [ [ 107724805.5148 41628263.55333 23508394.80337 ] [ 41628263.55333 92359033.96569 -6343062.50955 ] [ 23508394.80337 -6343062.50955 67596159.12705 ] ] ]

State
Pi 0.097453
A 0.005251 0.000928 0.023398 0.043524 0.926899 
MultiGaussianOPDF [ [ -18272.24875 -941.54601 1450.10586 ] [ [ 49111665.21271 -12602231.97871 -11000260.43491 ] [ -12602231.97871 48384968.16532 -1018925.9245 ] [ -11000260.43491 -1018925.9245 39200128.32851 ] ] ]

ARM_WINDMILL -1.7976931348623157E308 -1.7976931348623157E308 0 
LEFT_ONE_HUNDRED_HAND_SLAP -1.7976931348623157E308 -1.7976931348623157E308 0 
SONIC_BOOM -1.7976931348623157E308 -1.7976931348623157E308 0 
RIGHT_UPPERCUT -1.7976931348623157E308 -1.7976931348623157E308 0 
NYAN_CAT -1.7976931348623157E308 -1.7976931348623157E308 0 
DOUBLE_LARIAT -1.7976931348623157E308 -1.7976931348623157E308 0 
LEFT_BLOCK -1.7976931348623157E308 -1.7976931348623157E308 0 
RINGMASTER_HADOUKEN -4464.264282667085 -551.8403075718751 1 
Hmm v1.0

NbStates 7

State
Pi 0.047519
A 0.923816 0.014934 0.031786 0.000467 0.013756 0.012392 0.002848 
MultiGaussianOPDF [ [ -6673.38837 2811.58428 -3517.83275 -7475.09783 -2724.91518 -5408.89692 ] [ [ 149141510.09598 -11999089.02364 -47221213.94967 15263370.80329 18650657.7907 9014898.00734 ] [ -11999089.02364 195847438.25493 6220495.81538 38114155.64044 -9970777.72659 -9013234.94438 ] [ -47221213.94967 6220495.81538 143525319.06148 -6894565.39124 -1763532.41687 -6123299.88819 ] [ 15263370.80329 38114155.64044 -6894565.39124 176120278.02645 24826101.51597 -6746286.49126 ] [ 18650657.7907 -9970777.72659 -1763532.41687 24826101.51597 173086994.38918 29989133.27947 ] [ 9014898.00734 -9013234.94438 -6123299.88819 -6746286.49126 29989133.27947 148528833.84526 ] ] ]

State
Pi 0.134204
A 0.01283 0.951724 0.004736 0.009214 0.008182 0.012797 0.000517 
MultiGaussianOPDF [ [ -939.58704 460.27988 3915.66423 -327.78941 -255.40827 -4730.18853 ] [ [ 8889676.69942 -684399.90271 -886606.0939 9387756.15694 -1503093.1584 3187434.98843 ] [ -684399.90271 9352845.91826 358999.85952 -1254527.00373 -1851449.29093 337556.52215 ] [ -886606.0939 358999.85952 4547593.85655 1754975.3327 -508013.81191 -1830748.84472 ] [ 9387756.15694 -1254527.00373 1754975.3327 26131606.53003 -3163888.76133 5560929.71155 ] [ -1503093.1584 -1851449.29093 -508013.81191 -3163888.76133 4699414.30092 -1196150.73343 ] [ 3187434.98843 337556.52215 -1830748.84472 5560929.71155 -1196150.73343 12730726.99061 ] ] ]

State
Pi 0.079419
A 0.031084 0.00292 0.912361 0.030453 0.01101 0.003876 0.008296 
MultiGaussianOPDF [ [ -4123.83766 2233.91317 -8028.4788 -2545.85869 -3477.43153 2890.90524 ] [ [ 31397589.95247 4546957.46825 -12424348.66434 887970.90996 2169926.67938 9490041.92809 ] [ 4546957.46825 19046922.70799 -5402282.78993 4699962.7047 -8792266.34506 -449863.58602 ] [ -12424348.66434 -5402282.78993 38182063.38196 6225649.56837 5287970.0573 -8690718.67407 ] [ 887970.90996 4699962.7047 6225649.56837 22302699.41984 628581.73737 -3999924.13904 ] [ 2169926.67938 -8792266.34506 5287970.0573 628581.73737 33067862.14689 755088.01918 ] [ 9490041.92809 -449863.58602 -8690718.67407 -3999924.13904 755088.01918 15924148.03565 ] ] ]

State
Pi 0.314211
A 0 0.014764 0.014552 0.933106 0.014212 0 0.023366 
MultiGaussianOPDF [ [ 57.44894 1112.47296 -2253.11175 837.03456 -1920.75538 597.48481 ] [ [ 5966505.76033 -1753614.75258 848966.63742 4115390.124 567241.76069 -985735.54999 ] [ -1753614.75258 5642761.74996 1097272.50777 -679077.65691 -404272.87723 -925110.27367 ] [ 848966.63742 1097272.50777 4212395.70569 1763966.27314 289745.44087 -2473846.48153 ] [ 4115390.124 -679077.65691 1763966.27314 8356841.68702 1467817.57674 -1557827.48289 ] [ 567241.76069 -404272.87723 289745.44087 1467817.57674 4883200.2013 860638.21698 ] [ -985735.54999 -925110.27367 -2473846.48153 -1557827.48289 860638.21698 5654502.45858 ] ] ]

State
Pi 0.26363
A 0.02654 0.010421 0.017146 0.013793 0.917715 0.00487 0.009515 
MultiGaussianOPDF [ [ -2831.60292 6671.69601 -3116.59734 68.20771 -5971.29861 -6077.41248 ] [ [ 9125022.96959 651870.5529 -2779773.5411 4794165.88977 -673941.11466 -441728.0468 ] [ 651870.5529 18737855.27843 -1197098.4288 7379799.07387 -8158936.6455 -6236111.08872 ] [ -2779773.5411 -1197098.4288 20462579.05488 -204693.59217 1064956.18419 3172651.86035 ] [ 4794165.88977 7379799.07387 -204693.59217 29633986.40109 -3638367.64818 -6260986.14114 ] [ -673941.11466 -8158936.6455 1064956.18419 -3638367.64818 15701974.89764 4334845.88522 ] [ -441728.0468 -6236111.08872 3172651.86035 -6260986.14114 4334845.88522 11485982.91916 ] ] ]

State
Pi 0.095478
A 0.06477 0.011526 0 0.00125 0.000098 0.916885 0.005471 
MultiGaussianOPDF [ [ -1268.53011 -1937.80896 3921.33563 3623.23158 -1057.45165 -13280.39868 ] [ [ 70982572.97856 28297050.28275 -3213783.53768 13703087.84739 -27439611.98423 14369118.11367 ] [ 28297050.28275 31802917.7287 1628283.75155 3273183.33185 -14879329.66844 4257341.18144 ] [ -3213783.53768 1628283.75155 9600442.62225 1478516.10133 1009013.11272 -1951984.18235 ] [ 13703087.84739 3273183.33185 1478516.10133 32067197.58669 -13652627.27674 -2481297.36692 ] [ -27439611.98423 -14879329.66844 1009013.11272 -13652627.27674 43299597.43283 6134307.83437 ] [ 14369118.11367 4257341.18144 -1951984.18235 -2481297.36692 6134307.83437 30996064.69453 ] ] ]

State
Pi 0.06554
A 0.05635 0.00257 0.018055 0.009467 0.000219 0.001028 0.912311 
MultiGaussianOPDF [ [ 4512.0952 2214.25771 -5871.44059 4885.82304 -548.86882 1368.94572 ] [ [ 9626834.92863 1423553.55654 -3046489.12082 3242466.7273 3370455.48321 329126.99332 ] [ 1423553.55654 21875330.20034 98833.60607 12963695.30385 542070.13963 -2365604.80922 ] [ -3046489.12082 98833.60607 40239424.6886 -14870747.19244 4523082.62206 -7018614.18348 ] [ 3242466.7273 12963695.30385 -14870747.19244 35208140.58192 8474707.65042 -5939769.43543 ] [ 3370455.48321 542070.13963 4523082.62206 8474707.65042 34590595.83837 -8559748.40994 ] [ 329126.99332 -2365604.80922 -7018614.18348 -5939769.43543 -8559748.40994 23951532.09053 ] ] ]

LEFT_CHOP -1.7976931348623157E308 -1.7976931348623157E308 0 
RINGMASTER_RIGHT_CIRCLE -2977.885840406651 -244.89510089382628 1 
Hmm v1.0

NbStates 5

State
Pi 0.015494
A 0.944579 0.003441 0 0.012197 0.039782 
MultiGaussianOPDF [ [ -4683.08533 5054.65309 -3203.70247 ] [ [ 5726632.11256 -661398.13878 5856307.8132 ] [ -661398.13878 8279107.20835 -4528366.43366 ] [ 5856307.8132 -4528366.43366 31870399.69218 ] ] ]

State
Pi 0.044234
A 0.041444 0.890036 0.000034 0.010998 0.057487 
MultiGaussianOPDF [ [ -14143.29396 6313.75002 6118.7852 ] [ [ 80724063.72399 -3263647.61961 23638124.43819 ] [ -3263647.61961 67863534.39546 -4054648.47938 ] [ 23638124.43819 -4054648.47938 69437825.62919 ] ] ]

State
Pi 0.186736
A 0 0.065181 0.894548 0.030245 0.010026 
MultiGaussianOPDF [ [ -23883.62883 -15220.7933 -10145.51498 ] [ [ 93522966.57863 -22448055.1202 -27772819.67971 ] [ -22448055.1202 115886380.19174 -12643605.17361 ] [ -27772819.67971 -12643605.17361 177122030.23304 ] ] ]

State
Pi 0.633716
A 0.037156 0.033678 0.011767 0.917399 0 
MultiGaussianOPDF [ [ -2574.20583 -6894.09263 -776.61596 ] [ [ 17629677.11917 8185829.44217 -7571303.63755 ] [ 8185829.44217 30428539.01881 -4845855.29864 ] [ -7571303.63755 -4845855.29864 49156972.21804 ] ] ]

State
Pi 0.11982
A 0.003444 0.000945 0.068914 0.004387 0.922311 
MultiGaussianOPDF [ [ -14836.29117 11558.20534 -14925.57271 ] [ [ 57380637.31893 -7401863.22147 13049755.90527 ] [ -7401863.22147 96212838.51104 -19669414.54644 ] [ 13049755.90527 -19669414.54644 72313347.08131 ] ] ]

RIGHT_ONE_HUNDRED_HAND_SLAP -1.7976931348623157E308 -1.7976931348623157E308 0 
RIGHT_SHORYUKEN -1.7976931348623157E308 -1.7976931348623157E308 0 
PSYCHO_CRUSHER -1.7976931348623157E308 -1.7976931348623157E308 0 
RIGHT_VAFANAPOLI_ATTACK -1.7976931348623157E308 -1.7976931348623157E308 0 
RIGHT_JAB -1.7976931348623157E308 -1.7976931348623157E308 0 
LEFT_VAFANAPOLI_ATTACK -1.7976931348623157E308 -1.7976931348623157E308 0 
YMCA -1.7976931348623157E308 -1.7976931348623157E308 0 
RINGMASTER_LEFT_HALF_RING -3100.7214136994876 -309.4623038597374 1 
Hmm v1.0

NbStates 5

State
Pi 0
A 0.988516 0.009749 0.001735 0 0 
MultiGaussianOPDF [ [ 3621.93259 -997.95108 908.76786 ] [ [ 4284333.23834 777603.73308 -1171118.18211 ] [ 777603.73308 3651707.00668 -3144741.89632 ] [ -1171118.18211 -3144741.89632 7129946.88448 ] ] ]

State
Pi 0
A 0.042387 0.946256 0.006561 0.004797 0 
MultiGaussianOPDF [ [ -9691.98071 -6801.26253 6018.20788 ] [ [ 95416604.27844 -2452129.86078 -3885003.45265 ] [ -2452129.86078 25015796.56863 -15237252.62853 ] [ -3885003.45265 -15237252.62853 70249248.26542 ] ] ]

State
Pi 0.664708
A 0.016699 0.014785 0.932713 0.035803 0 
MultiGaussianOPDF [ [ -5638.54694 1234.15629 -4960.34297 ] [ [ 10099559.03516 -1010470.80871 3829912.1299 ] [ -1010470.80871 4443169.58596 -1026186.41186 ] [ 3829912.1299 -1026186.41186 8055368.68881 ] ] ]

State
Pi 0.332897
A 0 0 0.014243 0.90819 0.077567 
MultiGaussianOPDF [ [ -16804.37317 10434.90812 -18800.11753 ] [ [ 57615589.33456 -691259.05913 19494957.00656 ] [ -691259.05913 52103145.46374 -15626504.66168 ] [ 19494957.00656 -15626504.66168 60808454.87457 ] ] ]

State
Pi 0.002396
A 0 0.090135 0 0.00407 0.905795 
MultiGaussianOPDF [ [ -32591.44768 6222.17119 -19415.47775 ] [ [ 110322.75438 231251.49044 -671917.51881 ] [ 231251.49044 64599160.51223 -54441432.85451 ] [ -671917.51881 -54441432.85451 157600179.2208 ] ] ]

RINGMASTER_RIGHT_JAB -2136.100776807165 -240.32992956899645 1 
Hmm v1.0

NbStates 5

State
Pi 0.011741
A 0.849898 0.100996 0.043885 0.004402 0.000819 
MultiGaussianOPDF [ [ -12932.22067 -109.94013 1067.09387 ] [ [ 233741681.2605 70050433.02578 -131221700.48826 ] [ 70050433.02578 221674973.59689 -37756351.7058 ] [ -131221700.48826 -37756351.7058 168181669.26438 ] ] ]

State
Pi 0.078481
A 0.141736 0.790063 0.065208 0.000773 0.00222 
MultiGaussianOPDF [ [ 771.06305 5305.14474 337.61084 ] [ [ 95806738.87478 45473434.86982 -19730074.79503 ] [ 45473434.86982 42111311.30017 -11840811.29954 ] [ -19730074.79503 -11840811.29954 14085061.65033 ] ] ]

State
Pi 0.085346
A 0.000132 0.00672 0.973375 0 0.019773 
MultiGaussianOPDF [ [ -934.54943 -1287.54808 2613.68268 ] [ [ 3469056.65718 1843227.26084 1285980.1451 ] [ 1843227.26084 7494272.08232 3476633.11369 ] [ 1285980.1451 3476633.11369 4993122.33489 ] ] ]

State
Pi 0.315447
A 0.022524 0.076825 0 0.882081 0.01857 
MultiGaussianOPDF [ [ 11228.79276 -2977.4924 -6356.63307 ] [ [ 22720499.32339 6887823.06368 5482190.90761 ] [ 6887823.06368 25563702.3993 1013212.39761 ] [ 5482190.90761 1013212.39761 27473421.14839 ] ] ]

State
Pi 0.508984
A 0 0.083877 0.008956 0.026245 0.880923 
MultiGaussianOPDF [ [ 5603.21617 -1399.27201 -120.11018 ] [ [ 7322485.88906 1812750.86693 2010341.32692 ] [ 1812750.86693 6658207.01665 1798068.27642 ] [ 2010341.32692 1798068.27642 6306385.02284 ] ] ]

LEFT_UPPERCUT -1.7976931348623157E308 -1.7976931348623157E308 0 
RIGHT_BLOCK -1.7976931348623157E308 -1.7976931348623157E308 0 
LEFT_JAB -1.7976931348623157E308 -1.7976931348623157E308 0 
RINGMASTER_LEFT_JAB -2032.451583939924 -251.2676983726784 1 
Hmm v1.0

NbStates 5

State
Pi 0.232729
A 0.895899 0.008185 0.014142 0.054845 0.026929 
MultiGaussianOPDF [ [ 6273.7963 6000.03367 -7676.70846 ] [ [ 12849735.34193 -4642286.74425 369149.30533 ] [ -4642286.74425 22128881.07539 -8304273.46866 ] [ 369149.30533 -8304273.46866 27279869.62829 ] ] ]

State
Pi 0.384867
A 0.006992 0.932673 0.023433 0.036902 0 
MultiGaussianOPDF [ [ 1882.67365 2458.25133 1340.94787 ] [ [ 8009938.16842 1302298.87721 -1311397.64564 ] [ 1302298.87721 3701542.98021 -1795253.40992 ] [ -1311397.64564 -1795253.40992 5493558.38147 ] ] ]

State
Pi 0.003097
A 0 0.043471 0.869854 0.000534 0.086141 
MultiGaussianOPDF [ [ -2759.92476 -2102.63626 1813.70022 ] [ [ 23623029.95538 -13080385.18777 -4269902.72814 ] [ -13080385.18777 24019273.09031 3425832.49845 ] [ -4269902.72814 3425832.49845 9370658.81071 ] ] ]

State
Pi 0.34821
A 0.000213 0.004961 0.082842 0.86682 0.045164 
MultiGaussianOPDF [ [ 10201.00977 -81.45562 1129.21865 ] [ [ 20760114.3853 4974406.39218 -9729761.0205 ] [ 4974406.39218 38852884.83466 -940311.69041 ] [ -9729761.0205 -940311.69041 19602875.29666 ] ] ]

State
Pi 0.031096
A 0.00664 0.003458 0.092714 0 0.897187 
MultiGaussianOPDF [ [ -10186.53759 -614.02824 -1959.40077 ] [ [ 238293343.1554 -75694760.57961 -102665403.79942 ] [ -75694760.57961 238318602.6405 11483652.09367 ] [ -102665403.79942 11483652.09367 149449527.02343 ] ] ]

SUCK_IT -1.7976931348623157E308 -1.7976931348623157E308 0 
RIGHT_HOOK -1.7976931348623157E308 -1.7976931348623157E308 0 
TWO_HANDED_ONE_HUNDRED_HAND_SLAP -1.7976931348623157E308 -1.7976931348623157E308 0 
TWO_HANDED_BLOCK -1.7976931348623157E308 -1.7976931348623157E308 0 
