27
RIGHT_UPPERCUT 1
Hmm v1.0

NbStates 5

State
Pi 0.771907
A 0.805085 0.000082 0.035474 0.159359 0 
MultiGaussianOPDF [ [ 1204.65015 -1703.13359 -9629.08215 ] [ [ 3616962.77156 504200.55137 -786575.69091 ] [ 504200.55137 6062581.16961 -2447947.80919 ] [ -786575.69091 -2447947.80919 9640594.4756 ] ] ]

State
Pi 0.088819
A 0.008003 0.956309 0.035688 0 0 
MultiGaussianOPDF [ [ -9384.64934 -2907.58914 -12449.46626 ] [ [ 8182120.86665 909056.66373 3636700.7502 ] [ 909056.66373 2549059.38896 5099611.76719 ] [ 3636700.7502 5099611.76719 20967535.93549 ] ] ]

State
Pi 0.139274
A 0.049247 0.155759 0.781715 0.010645 0.002634 
MultiGaussianOPDF [ [ -6796.98943 -683.80048 -18379.96551 ] [ [ 22225530.83936 -1198208.42472 5466161.99442 ] [ -1198208.42472 16414623.78517 3321647.9577 ] [ 5466161.99442 3321647.9577 10556578.88755 ] ] ]

State
Pi 0
A 0 0 0.167543 0.773244 0.059213 
MultiGaussianOPDF [ [ 1737.44095 -4571.84415 -16342.82587 ] [ [ 12829609.46083 889948.23087 3831942.31505 ] [ 889948.23087 6383419.18947 -3114438.17541 ] [ 3831942.31505 -3114438.17541 14710886.31254 ] ] ]

State
Pi 0
A 0 0 0.017926 0 0.982074 
MultiGaussianOPDF [ [ -10038.49159 -721.80071 -31557.84423 ] [ [ 97282919.99484 2693958.46314 12882725.44079 ] [ 2693958.46314 44888371.20958 -3991698.05352 ] [ 12882725.44079 -3991698.05352 5963957.12805 ] ] ]

TWO_HANDED_BLOCK 1
Hmm v1.0

NbStates 8

State
Pi 0.195836
A 0.978514 0 0 0 0 0 0 0.021486 
MultiGaussianOPDF [ [ 3927.93139 1022.67036 903.36247 4021.37633 434.36717 424.5738 ] [ [ 596885.81529 -179748.66731 -442187.93788 190125.0273 -390515.64326 -252570.28575 ] [ -179748.66731 900462.75248 149164.72607 163893.09222 106465.59896 -143397.47278 ] [ -442187.93788 149164.72607 1254426.86508 103682.53318 247825.72069 588339.64759 ] [ 190125.0273 163893.09222 103682.53318 341451.24049 -138401.3827 -142859.05364 ] [ -390515.64326 106465.59896 247825.72069 -138401.3827 957869.86215 234653.77426 ] [ -252570.28575 -143397.47278 588339.64759 -142859.05364 234653.77426 634534.35346 ] ] ]

State
Pi 0.019434
A 0 0.987584 0 0 0 0 0.012416 0 
MultiGaussianOPDF [ [ 1022.11077 3895.42923 1274.72202 3522.08244 -849.46645 522.42944 ] [ [ 3338234.40217 -1228727.00003 -1021968.81655 356609.01872 -942537.88266 444234.92978 ] [ -1228727.00003 1582376.01025 467.44433 -60910.55419 645212.98669 31674.92658 ] [ -1021968.81655 467.44433 1938211.60133 -579789.08188 -787208.60285 -257946.78834 ] [ 356609.01872 -60910.55419 -579789.08188 454363.16152 272244.04329 -94339.38647 ] [ -942537.88266 645212.98669 -787208.60285 272244.04329 1840014.63716 744579.19276 ] [ 444234.92978 31674.92658 -257946.78834 -94339.38647 744579.19276 1987775.82033 ] ] ]

State
Pi 0.106846
A 0 0 0.999956 0.000044 0 0 0 0 
MultiGaussianOPDF [ [ 3628.55367 -491.28891 -958.02964 4104.97516 -1155.21737 -113.26142 ] [ [ 373200.85323 -328595.02757 -25355.05747 218702.6075 -249192.22366 36774.91901 ] [ -328595.02757 1876126.51877 -119194.85324 69789.49661 309095.4034 -134914.73973 ] [ -25355.05747 -119194.85324 353532.62749 -74674.46898 -2989.68603 77439.6956 ] [ 218702.6075 69789.49661 -74674.46898 426333.45218 47797.17206 -64297.98338 ] [ -249192.22366 309095.4034 -2989.68603 47797.17206 1139946.16434 -174586.72952 ] [ 36774.91901 -134914.73973 77439.6956 -64297.98338 -174586.72952 261573.21104 ] ] ]

State
Pi 0.097037
A 0 0 0 1 0 0 0 0 
MultiGaussianOPDF [ [ 3969.95657 -651.24896 -248.82684 4423.43182 -127.47054 787.35969 ] [ [ 19396.62824 -4355.72622 4973.78097 5790.87494 2249.87033 4714.0817 ] [ -4355.72622 116052.58354 -16479.64156 7058.06773 -30790.81661 -12619.14605 ] [ 4973.78097 -16479.64156 170249.7609 -24578.22139 16889.01714 55578.22903 ] [ 5790.87494 7058.06773 -24578.22139 26692.56086 6172.00792 -22863.49612 ] [ 2249.87033 -30790.81661 16889.01714 6172.00792 73442.52847 -12909.14114 ] [ 4714.0817 -12619.14605 55578.22903 -22863.49612 -12909.14114 70527.43451 ] ] ]

State
Pi 0.125018
A 0 0 0 0 0.997172 0 0.002828 0 
MultiGaussianOPDF [ [ 3951.30431 1829.39969 57.78462 3379.51541 -1615.01817 -1019.99758 ] [ [ 4124.57782 -1896.54118 -2163.39497 1353.82125 358.3036 -1771.29269 ] [ -1896.54118 12018.99127 119.76293 554.06531 1280.69535 -10508.45278 ] [ -2163.39497 119.76293 13833.58914 -204.82237 640.41255 -1462.27743 ] [ 1353.82125 554.06531 -204.82237 4292.96019 3632.86619 -12825.65035 ] [ 358.3036 1280.69535 640.41255 3632.86619 17781.6124 -19140.68185 ] [ -1771.29269 -10508.45278 -1462.27743 -12825.65035 -19140.68185 82806.63691 ] ] ]

State
Pi 0.10681
A 0 0.023331 0 0 0 0.961956 0.014713 0 
MultiGaussianOPDF [ [ 2400.44473 2834.26168 -1051.61807 2719.8633 -2852.7093 -61.31572 ] [ [ 546751.16632 -560359.69555 -106412.05722 561094.19507 125467.09189 1620.93888 ] [ -560359.69555 1964097.32539 -317463.66144 -1612756.77388 -548281.23692 -498371.7568 ] [ -106412.05722 -317463.66144 946264.62238 365093.75622 50825.12734 304148.47166 ] [ 561094.19507 -1612756.77388 365093.75622 1808062.82324 436431.87474 402215.73681 ] [ 125467.09189 -548281.23692 50825.12734 436431.87474 818813.5022 39650.55946 ] [ 1620.93888 -498371.7568 304148.47166 402215.73681 39650.55946 986599.06777 ] ] ]

State
Pi 0.108366
A 0.004906 0 0 0 0.021548 0 0.973547 0 
MultiGaussianOPDF [ [ 3508.00074 1891.00208 774.79774 2368.30088 -2030.26249 -493.24699 ] [ [ 300255.36109 -9752.49222 -315590.85573 217312.62141 73404.81056 -132398.63684 ] [ -9752.49222 714732.44929 -151021.33533 463230.2721 8502.69154 6239.75673 ] [ -315590.85573 -151021.33533 1272397.52361 -461876.23455 -440206.48457 693258.95921 ] [ 217312.62141 463230.2721 -461876.23455 1124268.32636 240845.72817 -561384.1653 ] [ 73404.81056 8502.69154 -440206.48457 240845.72817 506202.96887 -314140.799 ] [ -132398.63684 6239.75673 693258.95921 -561384.1653 -314140.799 1052296.76509 ] ] ]

State
Pi 0.240652
A 0.003698 0 0 0 0 0 0 0.996302 
MultiGaussianOPDF [ [ 4486.17531 532.27735 348.06542 4111.17675 -12.98782 285.16978 ] [ [ 3860.55944 -9569.01475 -2528.62304 12.73981 5808.90181 4369.89662 ] [ -9569.01475 67724.93624 2923.32744 5378.7172 -44262.81662 -32456.55487 ] [ -2528.62304 2923.32744 82564.08143 10566.80066 583.8469 13615.77753 ] [ 12.73981 5378.7172 10566.80066 4878.12096 -2077.37362 -3845.84273 ] [ 5808.90181 -44262.81662 583.8469 -2077.37362 47115.19884 21646.47245 ] [ 4369.89662 -32456.55487 13615.77753 -3845.84273 21646.47245 31196.81427 ] ] ]

LEFT_HOOK 1
Hmm v1.0

NbStates 5

State
Pi 0.574526
A 0.919977 0.001894 0.078129 0 0 
MultiGaussianOPDF [ [ 4101.67854 3265.18391 -5069.93938 ] [ [ 6070345.32599 3445534.74381 -1450329.92332 ] [ 3445534.74381 7524578.14204 652243.10905 ] [ -1450329.92332 652243.10905 4778048.84095 ] ] ]

State
Pi 0.425474
A 0.030489 0.910892 0 0.000009 0.058609 
MultiGaussianOPDF [ [ 4684.12639 5197.05696 3056.01928 ] [ [ 11859479.31425 -1371549.22235 1163026.77017 ] [ -1371549.22235 6644351.04975 -604338.18551 ] [ 1163026.77017 -604338.18551 4829707.13309 ] ] ]

State
Pi 0
A 0.002731 0 0.985674 0.011594 0 
MultiGaussianOPDF [ [ 891.32122 7047.42277 -12982.25776 ] [ [ 28240832.02105 6932678.44164 8402381.8998 ] [ 6932678.44164 11145941.68502 656430.50864 ] [ 8402381.8998 656430.50864 17357194.39613 ] ] ]

State
Pi 0
A 0 0 0 1 0 
MultiGaussianOPDF [ [ -10479.9549 17111.29184 1228.36399 ] [ [ 38125914.69234 10142262.70972 -21032823.0598 ] [ 10142262.70972 72644338.125 20777901.28205 ] [ -21032823.0598 20777901.28205 66121599.08138 ] ] ]

State
Pi 0
A 0 0 0 0.176459 0.823541 
MultiGaussianOPDF [ [ 1150.633 15391.22018 7491.60231 ] [ [ 20482057.37405 -12594686.79125 5050647.15381 ] [ -12594686.79125 31495433.43655 1399856.64626 ] [ 5050647.15381 1399856.64626 14037893.47381 ] ] ]

DOUBLE_LARIAT 1
Hmm v1.0

NbStates 8

State
Pi 0
A 0.943824 0 0.021542 0.015242 0 0 0.019393 0 
MultiGaussianOPDF [ [ -8796.36372 1049.92281 258.99083 -8189.39742 -1270.29894 1469.74254 ] [ [ 2000057.61776 4112.1179 495295.06399 141757.37477 316987.07034 424434.69958 ] [ 4112.1179 1295199.3392 137765.70257 -180600.04114 136723.97636 -113373.68852 ] [ 495295.06399 137765.70257 1410031.02878 158392.18674 -30151.43273 293688.0248 ] [ 141757.37477 -180600.04114 158392.18674 1096659.86694 50470.72127 251146.90591 ] [ 316987.07034 136723.97636 -30151.43273 50470.72127 969316.06137 69359.9046 ] [ 424434.69958 -113373.68852 293688.0248 251146.90591 69359.9046 1329289.49154 ] ] ]

State
Pi 0
A 0 0.982793 0 0 0.008153 0 0.000856 0.008198 
MultiGaussianOPDF [ [ -5254.2819 402.41837 5092.75998 -4569.56423 -1795.55424 4544.19624 ] [ [ 2620259.92403 -88872.33641 -669632.29522 408031.19011 504264.70339 -151244.41833 ] [ -88872.33641 1719289.73232 -319268.05167 647703.37421 549135.33761 116277.10287 ] [ -669632.29522 -319268.05167 1188526.63328 -320036.40783 -509869.45426 10588.60236 ] [ 408031.19011 647703.37421 -320036.40783 2679805.2445 940692.50448 -159051.86097 ] [ 504264.70339 549135.33761 -509869.45426 940692.50448 1984374.16688 411062.0206 ] [ -151244.41833 116277.10287 10588.60236 -159051.86097 411062.0206 729002.2649 ] ] ]

State
Pi 0
A 0.042505 0.000917 0.936343 0 0 0.010948 0.009286 0 
MultiGaussianOPDF [ [ -10063.77533 989.36114 889.08712 -10631.39091 -1303.98634 399.01646 ] [ [ 4048532.76736 -229116.19128 -250764.67225 -143390.42036 342307.58189 -712585.3841 ] [ -229116.19128 1804680.77593 -428.98213 -209661.22682 363754.45142 51270.97078 ] [ -250764.67225 -428.98213 1997124.01603 423565.34547 182283.62637 540205.43584 ] [ -143390.42036 -209661.22682 423565.34547 1773266.25973 -106662.73 117974.99414 ] [ 342307.58189 363754.45142 182283.62637 -106662.73 1651010.90104 383595.09659 ] [ -712585.3841 51270.97078 540205.43584 117974.99414 383595.09659 1444730.83707 ] ] ]

State
Pi 0.090349
A 0.038193 0 0.014543 0.933945 0 0.013319 0 0 
MultiGaussianOPDF [ [ -5573.9513 3990.16423 1332.98321 -5762.41792 2076.33726 3398.66955 ] [ [ 7518983.06612 3391690.24831 1821953.06681 1006086.14012 692929.25796 603921.11027 ] [ 3391690.24831 5329256.14186 940949.38871 -562074.96718 586389.9812 213925.83617 ] [ 1821953.06681 940949.38871 1754748.20805 142211.18378 230335.16941 181202.43516 ] [ 1006086.14012 -562074.96718 142211.18378 4352115.57229 1547984.45205 1225002.17048 ] [ 692929.25796 586389.9812 230335.16941 1547984.45205 2664949.97648 1119557.78744 ] [ 603921.11027 213925.83617 181202.43516 1225002.17048 1119557.78744 1541427.19561 ] ] ]

State
Pi 0.432783
A 0 0.015022 0 0 0.943948 0 0.036007 0.005022 
MultiGaussianOPDF [ [ -1483.99775 -1659.47921 4462.49277 -1172.62281 -3626.28059 2555.94158 ] [ [ 2455022.42655 1700792.00393 95309.5379 1299268.25715 385973.69798 539036.03613 ] [ 1700792.00393 2780370.65794 -96964.72266 878265.11829 996557.92484 741576.95581 ] [ 95309.5379 -96964.72266 790238.63814 -90939.75023 -600123.33005 115982.38011 ] [ 1299268.25715 878265.11829 -90939.75023 1872783.41152 -12133.83704 -5659.64499 ] [ 385973.69798 996557.92484 -600123.33005 -12133.83704 1987291.67166 557751.59845 ] [ 539036.03613 741576.95581 115982.38011 -5659.64499 557751.59845 1132465.0855 ] ] ]

State
Pi 0
A 0 0 0.011905 0 0 0.988095 0 0 
MultiGaussianOPDF [ [ -14687.41604 6364.86485 -2320.88261 -15278.83836 -4475.15046 -259.53508 ] [ [ 23518439.35266 -6035527.29562 4846540.47233 5689453.70762 4847391.027 3439834.40905 ] [ -6035527.29562 17030261.77509 -4275218.60589 4017264.94412 -4620595.36088 -193600.3228 ] [ 4846540.47233 -4275218.60589 13476697.9955 -726001.02975 1939280.93137 3404628.24926 ] [ 5689453.70762 4017264.94412 -726001.02975 25888315.30446 2841682.72057 6257678.5372 ] [ 4847391.027 -4620595.36088 1939280.93137 2841682.72057 16839554.41197 3281404.82601 ] [ 3439834.40905 -193600.3228 3404628.24926 6257678.5372 3281404.82601 5437503.38886 ] ] ]

State
Pi 0.081505
A 0.010718 0 0.037029 0 0.002374 0 0.949879 0 
MultiGaussianOPDF [ [ -7131.36653 -1313.70196 1265.75245 -5221.65395 -4229.92791 758.80135 ] [ [ 5895257.95943 -2453261.28347 1457233.41682 795368.396 322582.24469 77776.4499 ] [ -2453261.28347 3675444.53938 -942496.7068 -346713.47576 715186.6352 -72153.85105 ] [ 1457233.41682 -942496.7068 2560939.51455 -381326.05197 748277.28335 795067.49134 ] [ 795368.396 -346713.47576 -381326.05197 5958048.68349 -1931546.45115 221189.94148 ] [ 322582.24469 715186.6352 748277.28335 -1931546.45115 3868794.46571 999962.57386 ] [ 77776.4499 -72153.85105 795067.49134 221189.94148 999962.57386 1518310.05019 ] ] ]

State
Pi 0.395364
A 0 0.012168 0 0.053022 0.001675 0 0 0.933135 
MultiGaussianOPDF [ [ -1558.53821 3301.69089 2969.42906 -1015.2876 1733.88611 4515.0648 ] [ [ 1031615.51642 -244585.89944 -74246.64638 385417.4881 -508381.30404 -235434.79955 ] [ -244585.89944 1933632.67156 -343263.751 -637695.18163 1214042.64675 262933.99987 ] [ -74246.64638 -343263.751 443664.51847 85709.91897 -134715.96767 -40522.18095 ] [ 385417.4881 -637695.18163 85709.91897 1718454.72571 -1247691.24488 -72207.09979 ] [ -508381.30404 1214042.64675 -134715.96767 -1247691.24488 2201835.1465 322567.76609 ] [ -235434.79955 262933.99987 -40522.18095 -72207.09979 322567.76609 517639.7715 ] ] ]

LEFT_CHOP 1
Hmm v1.0

NbStates 5

State
Pi 0.007698
A 0.991121 0 0 0.008879 0 
MultiGaussianOPDF [ [ -15919.05433 11695.49327 -8177.33688 ] [ [ 47890274.69739 3589209.16549 5457281.65601 ] [ 3589209.16549 38498155.96828 -40831.73523 ] [ 5457281.65601 -40831.73523 20511674.89764 ] ] ]

State
Pi 0.823297
A 0 0.877539 0.121165 0.001296 0 
MultiGaussianOPDF [ [ -288.83956 -3810.40751 435.05238 ] [ [ 4645113.65444 988814.74142 706147.59099 ] [ 988814.74142 9406838.57707 -2734444.36493 ] [ 706147.59099 -2734444.36493 3054467.90232 ] ] ]

State
Pi 0.169005
A 0 0 0.760021 0.183395 0.056584 
MultiGaussianOPDF [ [ -4385.32035 -9479.77438 -1427.90944 ] [ [ 9501261.51471 2396173.55589 -1853174.63775 ] [ 2396173.55589 9670766.74003 1258284.25846 ] [ -1853174.63775 1258284.25846 9799339.05625 ] ] ]

State
Pi 0
A 0.1797 0 0.002517 0.772688 0.045096 
MultiGaussianOPDF [ [ -12298.39445 -4691.36418 -5298.01624 ] [ [ 13825760.46824 -8331367.99798 2962061.31335 ] [ -8331367.99798 22106765.49183 1261943.66261 ] [ 2962061.31335 1261943.66261 4762263.29613 ] ] ]

State
Pi 0
A 0.029024 0 0 0 0.970976 
MultiGaussianOPDF [ [ -24019.19285 -10733.19105 -6673.367 ] [ [ 61527134.96681 -33246147.44074 24345636.10209 ] [ -33246147.44074 50935871.66706 -30290778.66566 ] [ 24345636.10209 -30290778.66566 44789917.77486 ] ] ]

RIGHT_JAB 1
Hmm v1.0

NbStates 5

State
Pi 0
A 0.979956 0.000003 0 0.020041 0 
MultiGaussianOPDF [ [ 8650.61421 5460.39193 -101.80093 ] [ [ 19599476.94048 -9888687.26485 4013781.37756 ] [ -9888687.26485 37370360.73342 -12488410.10599 ] [ 4013781.37756 -12488410.10599 8397102.13295 ] ] ]

State
Pi 0.092185
A 0 0.988959 0.011041 0 0 
MultiGaussianOPDF [ [ -2361.47773 298.9915 2645.90741 ] [ [ 9720946.85218 893230.19704 -2294089.37805 ] [ 893230.19704 6048698.98894 -464802.85476 ] [ -2294089.37805 -464802.85476 2144655.20872 ] ] ]

State
Pi 0.708141
A 0 0.000006 0.805364 0.027307 0.167323 
MultiGaussianOPDF [ [ 3317.49862 -1696.36684 2458.60925 ] [ [ 831213.77711 76832.46375 212022.03327 ] [ 76832.46375 1626891.46086 1076729.51581 ] [ 212022.03327 1076729.51581 1818048.87069 ] ] ]

State
Pi 0.009424
A 0.057165 0.211327 0 0.731508 0 
MultiGaussianOPDF [ [ 5436.02258 1182.62218 721.77986 ] [ [ 4096148.02858 -354165.49839 706845.75329 ] [ -354165.49839 2231954.67157 354518.97565 ] [ 706845.75329 354518.97565 1870896.66022 ] ] ]

State
Pi 0.19025
A 0.020132 0.002444 0 0.175475 0.801948 
MultiGaussianOPDF [ [ 6207.99583 -2761.5384 1723.09508 ] [ [ 1113783.30195 295298.73414 308690.9011 ] [ 295298.73414 2197429.0065 1185053.68268 ] [ 308690.9011 1185053.68268 3346761.15158 ] ] ]

SONIC_BOOM 1
Hmm v1.0

NbStates 8

State
Pi 0.06244
A 0.919822 0.065216 0 0.012229 0.002733 0 0 0 
MultiGaussianOPDF [ [ 475.09374 2130.85578 -81.64997 1342.26516 -2428.5534 -376.454 ] [ [ 2227242.79921 170491.60606 334144.0437 2481255.75966 -1287461.68578 324501.90578 ] [ 170491.60606 1472566.1026 -1454626.40324 294335.98596 -1014729.45265 -1547578.52447 ] [ 334144.0437 -1454626.40324 5569317.51263 -180715.72331 190303.84129 4531096.70943 ] [ 2481255.75966 294335.98596 -180715.72331 4179392.19714 -1886524.41883 -853731.59277 ] [ -1287461.68578 -1014729.45265 190303.84129 -1886524.41883 2377519.73551 609469.12852 ] [ 324501.90578 -1547578.52447 4531096.70943 -853731.59277 609469.12852 5225377.11434 ] ] ]

State
Pi 0.166261
A 0.039325 0.952361 0 0 0 0.001571 0.006743 0 
MultiGaussianOPDF [ [ 1317.80556 2720.91126 -3512.03445 2497.19382 -3640.66452 -5371.00664 ] [ [ 6430088.51406 -357950.14839 479305.84153 2670626.86581 -1727358.06273 2250930.55442 ] [ -357950.14839 3446259.24342 390867.55536 -1876459.26855 -1418058.19874 -1262870.92271 ] [ 479305.84153 390867.55536 3933467.88859 678098.23594 -952486.88435 1966874.33079 ] [ 2670626.86581 -1876459.26855 678098.23594 10694864.07229 267788.03924 1394849.16612 ] [ -1727358.06273 -1418058.19874 -952486.88435 267788.03924 6999338.88309 1968321.14144 ] [ 2250930.55442 -1262870.92271 1966874.33079 1394849.16612 1968321.14144 9878460.04385 ] ] ]

State
Pi 0
A 0 0 0.862254 0 0.022323 0 0.006601 0.108822 
MultiGaussianOPDF [ [ -16102.68603 7950.39333 -1667.85337 -18071.20241 -8405.99626 -2571.87032 ] [ [ 9784209.67593 356274.79796 1398705.80484 3064898.13638 -3626587.14117 -625925.33717 ] [ 356274.79796 11211191.55125 -584545.44808 746911.06962 -6425626.54249 -4739857.01061 ] [ 1398705.80484 -584545.44808 4751436.68358 955134.14349 -1777379.80117 2128199.37667 ] [ 3064898.13638 746911.06962 955134.14349 7987924.23977 1031332.01468 1767432.12466 ] [ -3626587.14117 -6425626.54249 -1777379.80117 1031332.01468 15160273.89703 4018571.81102 ] [ -625925.33717 -4739857.01061 2128199.37667 1767432.12466 4018571.81102 6817983.40168 ] ] ]

State
Pi 0.528352
A 0.004692 0 0 0.849164 0.004647 0.088836 0.052661 0 
MultiGaussianOPDF [ [ -2910.70099 5496.91822 3558.55953 -2312.05558 -7270.11597 734.86428 ] [ [ 1992061.1984 157296.69925 132662.17126 1673716.39433 512688.03821 629821.32709 ] [ 157296.69925 4149782.33545 -532726.49024 54902.35356 -2608086.77814 -1260559.2511 ] [ 132662.17126 -532726.49024 2461316.11276 675393.24819 -837167.13538 814964.07081 ] [ 1673716.39433 54902.35356 675393.24819 2279593.36314 147613.23165 634423.95714 ] [ 512688.03821 -2608086.77814 -837167.13538 147613.23165 4272635.3933 1419957.11796 ] [ 629821.32709 -1260559.2511 814964.07081 634423.95714 1419957.11796 2045074.02152 ] ] ]

State
Pi 0.150537
A 0 0.00636 0.01292 0.04159 0.898393 0 0.040737 0 
MultiGaussianOPDF [ [ -8963.06023 2392.20551 521.33764 -8709.85735 -2442.41122 426.19023 ] [ [ 16754792.26084 -500517.85605 775046.65747 14656880.95733 2007574.51877 3840379.1769 ] [ -500517.85605 10128285.62918 -548428.33962 -558518.12942 -6085704.06022 -1912147.99834 ] [ 775046.65747 -548428.33962 3654482.46927 1533256.32893 -440273.76508 3200909.03298 ] [ 14656880.95733 -558518.12942 1533256.32893 18184675.09844 2257914.30463 5550404.48371 ] [ 2007574.51877 -6085704.06022 -440273.76508 2257914.30463 8388565.24467 1875695.72797 ] [ 3840379.1769 -1912147.99834 3200909.03298 5550404.48371 1875695.72797 8309331.18636 ] ] ]

State
Pi 0.092409
A 0 0 0 0 0 0.81165 0.18835 0 
MultiGaussianOPDF [ [ -2973.68812 11308.90476 393.62084 -2416.01498 -10910.54859 -2397.86937 ] [ [ 4425221.23128 1313012.25492 -1362814.33615 3306054.86993 -500011.57096 -764780.70864 ] [ 1313012.25492 10896922.62649 51216.94057 642232.669 -7188331.36829 -1689622.00917 ] [ -1362814.33615 51216.94057 6360934.05645 473158.86691 -284933.2051 3346676.20106 ] [ 3306054.86993 642232.669 473158.86691 5221251.71613 -626969.86894 474158.9888 ] [ -500011.57096 -7188331.36829 -284933.2051 -626969.86894 8615587.42108 1555634.02693 ] [ -764780.70864 -1689622.00917 3346676.20106 474158.9888 1555634.02693 5003601.82509 ] ] ]

State
Pi 0
A 0 0 0.244257 0 0.006674 0.026653 0.722417 0 
MultiGaussianOPDF [ [ -7636.6396 8778.92191 -119.01727 -10448.33582 -9796.28169 -2922.4582 ] [ [ 13344200.96598 -4604477.66424 3891713.53043 6955114.99721 958575.48291 3946573.39389 ] [ -4604477.66424 8004311.81013 -2937480.35516 45747.0998 -1839508.06088 -3924651.00155 ] [ 3891713.53043 -2937480.35516 7067250.77456 1194629.82109 -1476763.5535 5344226.10925 ] [ 6955114.99721 45747.0998 1194629.82109 14327042.25071 -270209.13224 2490671.90174 ] [ 958575.48291 -1839508.06088 -1476763.5535 -270209.13224 5552564.55257 607507.2631 ] [ 3946573.39389 -3924651.00155 5344226.10925 2490671.90174 607507.2631 11076617.70399 ] ] ]

State
Pi 0
A 0 0 0.012878 0 0 0 0 0.987122 
MultiGaussianOPDF [ [ -23411.47155 7824.41692 -3461.21187 -29431.26349 -8118.51772 -5603.84438 ] [ [ 36264239.486 -982862.99613 9185249.04052 10205182.31828 2107800.57489 258247.14213 ] [ -982862.99613 19027584.08165 1809871.51442 -2418606.94123 -8141018.28929 -2875532.04703 ] [ 9185249.04052 1809871.51442 13428130.9578 3077553.57985 3690510.24625 1381684.62247 ] [ 10205182.31828 -2418606.94123 3077553.57985 10093660.49732 3435234.69364 1328170.17904 ] [ 2107800.57489 -8141018.28929 3690510.24625 3435234.69364 25305652.32071 -1555047.25018 ] [ 258247.14213 -2875532.04703 1381684.62247 1328170.17904 -1555047.25018 9695202.29841 ] ] ]

LEFT_JAB 1
Hmm v1.0

NbStates 5

State
Pi 0.024384
A 0.77799 0 0 0.004325 0.217685 
MultiGaussianOPDF [ [ 1854.82938 -4383.0207 5025.20487 ] [ [ 4316790.16995 -2926904.76304 941718.40007 ] [ -2926904.76304 19842943.41117 -4137541.20662 ] [ 941718.40007 -4137541.20662 17723295.10268 ] ] ]

State
Pi 0.147162
A 0 0.951545 0.040238 0.008217 0 
MultiGaussianOPDF [ [ 3482.2259 3187.74803 -2956.988 ] [ [ 1790754.33701 389657.66209 -399805.39007 ] [ 389657.66209 1587500.41263 -653726.41385 ] [ -399805.39007 -653726.41385 2001402.97786 ] ] ]

State
Pi 0
A 0.092337 0.001283 0.89762 0.00876 0 
MultiGaussianOPDF [ [ 8400.99814 2055.88173 -661.24735 ] [ [ 6529727.9728 -1877014.06143 63466.70325 ] [ -1877014.06143 16047772.28177 2081465.52515 ] [ 63466.70325 2081465.52515 13117057.29812 ] ] ]

State
Pi 0.821909
A 0.027644 0.002099 0.036802 0.893484 0.03997 
MultiGaussianOPDF [ [ 4318.92265 3270.17549 1984.37028 ] [ [ 5075081.3791 1053955.78936 316497.51001 ] [ 1053955.78936 2346864.40128 177089.42624 ] [ 316497.51001 177089.42624 2557900.01343 ] ] ]

State
Pi 0.006545
A 0 0.00745 0 0 0.99255 
MultiGaussianOPDF [ [ -7662.69423 1418.20566 -85.92758 ] [ [ 35351790.14795 -5820196.19027 6545479.3359 ] [ -5820196.19027 32057603.72236 -9576630.31815 ] [ 6545479.3359 -9576630.31815 12841077.74595 ] ] ]

RIGHT_SHORYUKEN 1
Hmm v1.0

NbStates 5

State
Pi 0.297818
A 0.895715 0.010145 0.093805 0.000335 0 
MultiGaussianOPDF [ [ 1049.05924 212.50538 -4745.79681 ] [ [ 4009300.77257 -358189.3709 2761727.92056 ] [ -358189.3709 8090054.50439 1555480.32029 ] [ 2761727.92056 1555480.32029 9657407.8405 ] ] ]

State
Pi 0.525091
A 0.160159 0.818369 0 0.021473 0 
MultiGaussianOPDF [ [ -2121.98095 -2599.41109 -1866.52239 ] [ [ 3326757.01856 615641.73819 -93802.21242 ] [ 615641.73819 3961641.35872 1857181.55841 ] [ -93802.21242 1857181.55841 6059867.90508 ] ] ]

State
Pi 0.100641
A 0.033815 0 0.867829 0.00553 0.092826 
MultiGaussianOPDF [ [ -1027.62692 -4159.22988 -16018.99241 ] [ [ 67349132.94682 1251182.70637 36598111.27277 ] [ 1251182.70637 21937741.56377 8251668.04575 ] [ 36598111.27277 8251668.04575 56545590.81981 ] ] ]

State
Pi 0.062207
A 0.008779 0.089128 0.00598 0.878418 0.017695 
MultiGaussianOPDF [ [ -10675.85979 -9376.58694 -12033.15622 ] [ [ 39875620.79011 17972510.66092 34364409.81846 ] [ 17972510.66092 32529639.45403 17577601.28028 ] [ 34364409.81846 17577601.28028 68623639.3491 ] ] ]

State
Pi 0.014242
A 0 0.001988 0 0.146005 0.852006 
MultiGaussianOPDF [ [ -22576.1634 -8830.51551 -32747.84182 ] [ [ 41155108.31281 10192703.16253 241275.94752 ] [ 10192703.16253 90822220.35137 -238124.35659 ] [ 241275.94752 -238124.35659 125040.99323 ] ] ]

LEFT_ONE_HUNDRED_HAND_SLAP 1
Hmm v1.0

NbStates 5

State
Pi 0.09
A 0.861766 0.137318 0 0.000268 0.000649 
MultiGaussianOPDF [ [ -3664.04449 -3029.8811 -12851.76733 ] [ [ 11410573.80386 -3161076.19334 -860392.81304 ] [ -3161076.19334 10578549.10131 1589728.09972 ] [ -860392.81304 1589728.09972 15277561.966 ] ] ]

State
Pi 0
A 0.182094 0.652926 0.051784 0.113196 0 
MultiGaussianOPDF [ [ -7592.29516 -286.50396 -2454.42262 ] [ [ 12264163.51092 -3854461.76854 -3961164.27786 ] [ -3854461.76854 4075482.36255 4110329.0816 ] [ -3961164.27786 4110329.0816 15738568.63212 ] ] ]

State
Pi 0.711414
A 0.000021 0.154868 0.75275 0.019935 0.072425 
MultiGaussianOPDF [ [ -2943.47021 2085.26714 8130.41586 ] [ [ 9799014.42326 171285.75208 -2641855.69654 ] [ 171285.75208 3396040.83783 1150582.35779 ] [ -2641855.69654 1150582.35779 19652848.24274 ] ] ]

State
Pi 0.198585
A 0.004265 0.097774 0.000002 0.786239 0.11172 
MultiGaussianOPDF [ [ -11475.29579 3375.0082 11262.97736 ] [ [ 14323227.00989 1530167.05522 -25859.16079 ] [ 1530167.05522 15989846.37893 -294397.44478 ] [ -25859.16079 -294397.44478 34004496.99027 ] ] ]

State
Pi 0
A 0.000069 0 0.100987 0.051444 0.847501 
MultiGaussianOPDF [ [ -2445.54004 1661.53894 21133.4959 ] [ [ 16419069.413 -1291001.57266 -3079978.48209 ] [ -1291001.57266 9935383.31204 2331223.72913 ] [ -3079978.48209 2331223.72913 13480753.46629 ] ] ]

ARM_WINDMILL 1
Hmm v1.0

NbStates 8

State
Pi 0.00016
A 0.871251 0 0.000051 0 0.005323 0 0 0.123375 
MultiGaussianOPDF [ [ -16695.48245 7352.02245 -1778.08262 -13640.07905 282.36509 -4656.5319 ] [ [ 13098804.16143 -2870832.08454 5348710.91788 4359213.90707 124327.09559 2080991.82862 ] [ -2870832.08454 11381988.53219 -1343134.0156 -861494.80602 -335440.48774 -1573935.73168 ] [ 5348710.91788 -1343134.0156 16071547.1888 -173062.68609 198039.57436 4636734.08154 ] [ 4359213.90707 -861494.80602 -173062.68609 19490832.78468 1800317.2659 -7716664.87366 ] [ 124327.09559 -335440.48774 198039.57436 1800317.2659 6520613.20358 558576.35474 ] [ 2080991.82862 -1573935.73168 4636734.08154 -7716664.87366 558576.35474 20475347.71602 ] ] ]

State
Pi 0.000228
A 0 0.917418 0.006338 0.072889 0 0 0 0.003355 
MultiGaussianOPDF [ [ -1947.13613 1178.41543 -11153.5918 -16738.46342 -3534.02763 -1507.79451 ] [ [ 18188855.64142 -6613328.19273 -1392022.3896 -546826.00107 -868639.62093 -228059.79793 ] [ -6613328.19273 8311568.54626 876420.08493 132859.47114 -219729.36077 626504.95681 ] [ -1392022.3896 876420.08493 17852991.53869 10482441.99518 -2355032.7079 1618579.05565 ] [ -546826.00107 132859.47114 10482441.99518 18561146.06017 -2363766.38263 2347608.20997 ] [ -868639.62093 -219729.36077 -2355032.7079 -2363766.38263 9730869.27389 524560.7709 ] [ -228059.79793 626504.95681 1618579.05565 2347608.20997 524560.7709 4104633.05283 ] ] ]

State
Pi 0.544937
A 0.008582 0.006392 0.922069 0.021107 0.035708 0 0.001715 0.004426 
MultiGaussianOPDF [ [ -3309.93643 -1859.14275 -2024.40575 -9491.39562 -2201.50891 -4748.18504 ] [ [ 11591960.77342 -1103072.19744 -3119554.19881 -937739.60987 821102.91456 4310359.74229 ] [ -1103072.19744 4396679.19181 -231918.70182 -109686.2139 -784754.33528 -1574334.46273 ] [ -3119554.19881 -231918.70182 10852868.20535 2302931.77903 538882.81629 566299.22087 ] [ -937739.60987 -109686.2139 2302931.77903 22383369.95745 -907554.98155 -1309279.55248 ] [ 821102.91456 -784754.33528 538882.81629 -907554.98155 16124099.49973 342784.48841 ] [ 4310359.74229 -1574334.46273 566299.22087 -1309279.55248 342784.48841 19157325.20131 ] ] ]

State
Pi 0
A 0.001931 0 0.025231 0.819745 0.006642 0.119882 0.026548 0.000021 
MultiGaussianOPDF [ [ -10244.31444 -1906.93601 -7075.17546 -14236.66264 -7733.8662 -4935.02283 ] [ [ 17494612.00349 116332.18331 2935996.41903 -3293802.01671 1534516.32348 3256106.06593 ] [ 116332.18331 14116969.67986 -9771566.91267 -918004.92593 -4217140.30546 -3736878.67235 ] [ 2935996.41903 -9771566.91267 19083901.23562 -1732773.52928 7029297.64759 5387787.84908 ] [ -3293802.01671 -918004.92593 -1732773.52928 13544973.15879 -2971807.01633 -4011937.41092 ] [ 1534516.32348 -4217140.30546 7029297.64759 -2971807.01633 16387412.07163 5363203.26393 ] [ 3256106.06593 -3736878.67235 5387787.84908 -4011937.41092 5363203.26393 19630548.36521 ] ] ]

State
Pi 0.454676
A 0.023594 0.006691 0.017093 0.000168 0.889125 0 0.024194 0.039134 
MultiGaussianOPDF [ [ -10600.04837 3663.65278 -4741.63523 -5949.4269 1557.63373 -2971.57134 ] [ [ 28443609.43403 4263514.75359 10540584.121 1892575.80653 -203359.68757 3138523.61983 ] [ 4263514.75359 16466530.59074 -2772212.4954 -2837904.57777 581623.28138 2106906.96458 ] [ 10540584.121 -2772212.4954 28620927.72309 5530040.54905 824544.65222 2255989.87076 ] [ 1892575.80653 -2837904.57777 5530040.54905 18766881.93342 5021926.62648 1097063.39597 ] [ -203359.68757 581623.28138 824544.65222 5021926.62648 6204338.20383 362232.14425 ] [ 3138523.61983 2106906.96458 2255989.87076 1097063.39597 362232.14425 5461077.05931 ] ] ]

State
Pi 0
A 0.096672 0 0 0 0.00536 0.894865 0.003103 0 
MultiGaussianOPDF [ [ -23305.82427 -2890.89057 -11878.78162 -10237.05311 -3590.78549 -10239.58025 ] [ [ 20612887.45474 -1749947.01241 5972332.93569 430423.32652 -3857387.72009 5860588.43382 ] [ -1749947.01241 16070094.20787 4845435.99659 597165.27992 5651339.41684 1216509.41331 ] [ 5972332.93569 4845435.99659 11175762.26837 2327086.55596 811672.23725 2266871.97845 ] [ 430423.32652 597165.27992 2327086.55596 17944806.18024 8238320.36352 -7321494.39045 ] [ -3857387.72009 5651339.41684 811672.23725 8238320.36352 31196142.15409 -2487512.27819 ] [ 5860588.43382 1216509.41331 2266871.97845 -7321494.39045 -2487512.27819 20039230.03534 ] ] ]

State
Pi 0
A 0.051575 0 0 0 0.040348 0.006412 0.901665 0 
MultiGaussianOPDF [ [ -21433.52778 -2963.25219 3590.21363 -8439.6483 661.91131 -3824.60928 ] [ [ 29873718.50396 3385441.17297 12187781.71029 -97458.29404 4181242.56646 -830455.00263 ] [ 3385441.17297 37147265.12066 -2266010.10364 34348.84809 5441713.5389 2449053.49737 ] [ 12187781.71029 -2266010.10364 36228770.37347 -9891923.21583 2221734.91057 -1498194.50716 ] [ -97458.29404 34348.84809 -9891923.21583 28692208.15802 5795515.51171 -4019815.14686 ] [ 4181242.56646 5441713.5389 2221734.91057 5795515.51171 10078396.94592 -189886.05781 ] [ -830455.00263 2449053.49737 -1498194.50716 -4019815.14686 -189886.05781 8013886.05934 ] ] ]

State
Pi 0
A 0.000012 0.087921 0.02025 0.040402 0 0.005044 0.002444 0.843927 
MultiGaussianOPDF [ [ -11850.9012 2941.61623 -8482.18158 -21248.54788 183.91291 -2372.49049 ] [ [ 27446428.80608 -9634219.35772 5903165.41424 125805.52562 -1363639.02436 2966168.74392 ] [ -9634219.35772 32767138.99618 -16891145.30289 9755149.21137 2377870.75617 -4344903.8385 ] [ 5903165.41424 -16891145.30289 32250390.40074 -9103913.28211 -1423503.47439 9178510.20265 ] [ 125805.52562 9755149.21137 -9103913.28211 30303104.23443 2601901.12201 -3956896.9438 ] [ -1363639.02436 2377870.75617 -1423503.47439 2601901.12201 20001040.46919 2072792.46107 ] [ 2966168.74392 -4344903.8385 9178510.20265 -3956896.9438 2072792.46107 26978938.64359 ] ] ]

SUMO_HEADBUTT 1
Hmm v1.0

NbStates 8

State
Pi 0.030324
A 0.853907 0 0.133243 0 0.005664 0 0 0.007186 
MultiGaussianOPDF [ [ -1938.59941 -955.35643 2308.33809 -1656.78521 212.62303 2327.08209 ] [ [ 7386323.90729 807874.18571 468229.57396 4169260.3538 64231.49584 -575119.62001 ] [ 807874.18571 5624001.69114 990033.37997 530240.86521 -3741384.68622 -329613.36627 ] [ 468229.57396 990033.37997 1642304.84911 185658.30297 -645770.62794 712457.94224 ] [ 4169260.3538 530240.86521 185658.30297 5319498.02886 865806.46201 -889073.61843 ] [ 64231.49584 -3741384.68622 -645770.62794 865806.46201 6856080.19256 198845.10209 ] [ -575119.62001 -329613.36627 712457.94224 -889073.61843 198845.10209 1426533.58085 ] ] ]

State
Pi 0.578911
A 0.0602 0.908661 0 0.013428 0 0 0.01771 0 
MultiGaussianOPDF [ [ 3685.62779 2336.87688 2874.34761 4394.80425 -2000.74773 1517.27063 ] [ [ 1362908.46569 -197719.74868 151736.23081 1176358.40937 159895.13344 13116.26299 ] [ -197719.74868 982123.99434 -159750.81265 -100689.53683 -621974.87217 -155457.5043 ] [ 151736.23081 -159750.81265 1081039.03343 613855.72105 161315.90388 580671.2702 ] [ 1176358.40937 -100689.53683 613855.72105 1717888.19616 102137.66071 143887.38336 ] [ 159895.13344 -621974.87217 161315.90388 102137.66071 1083804.08219 80733.26401 ] [ 13116.26299 -155457.5043 580671.2702 143887.38336 80733.26401 739979.2497 ] ] ]

State
Pi 0
A 0.061178 0 0.819078 0 0 0.119745 0 0 
MultiGaussianOPDF [ [ -7704.83019 2180.29161 2165.60631 -8143.71293 -3174.72743 4219.89386 ] [ [ 30014058.24098 -3293675.47789 -5376153.45468 7482173.15383 4107318.89581 -5387267.83768 ] [ -3293675.47789 29930234.61571 -1729977.8067 2552684.76275 -5165873.32054 1870491.60787 ] [ -5376153.45468 -1729977.8067 6453330.45639 -1609029.54154 95086.86946 -41938.4526 ] [ 7482173.15383 2552684.76275 -1609029.54154 19944529.70217 2537276.70863 -10951934.50425 ] [ 4107318.89581 -5165873.32054 95086.86946 2537276.70863 12752878.22331 -4756056.10904 ] [ -5387267.83768 1870491.60787 -41938.4526 -10951934.50425 -4756056.10904 12599209.59893 ] ] ]

State
Pi 0
A 0.025335 0.002654 0 0.797337 0.014684 0 0.014944 0.145047 
MultiGaussianOPDF [ [ 5047.33261 77.12713 1222.25583 6682.2523 -578.69778 1794.02953 ] [ [ 2809910.99632 1500823.90302 947432.89358 798979.42546 908363.83156 9372.35605 ] [ 1500823.90302 4507303.4428 1262367.70458 214682.90807 1045481.88778 -1134514.36772 ] [ 947432.89358 1262367.70458 6586627.83407 -174483.01555 2798922.15688 477875.19642 ] [ 798979.42546 214682.90807 -174483.01555 3112168.33714 184436.52525 -960698.36637 ] [ 908363.83156 1045481.88778 2798922.15688 184436.52525 5655471.08886 175183.71798 ] [ 9372.35605 -1134514.36772 477875.19642 -960698.36637 175183.71798 2996641.37353 ] ] ]

State
Pi 0.212031
A 0 0.003401 0 0.038715 0.954892 0 0 0.002992 
MultiGaussianOPDF [ [ 3019.38582 -199.3753 -654.47163 3789.45367 -1020.42067 361.07234 ] [ [ 1834044.67455 -1147126.94735 -117654.71914 739175.57451 -150271.20976 361477.11661 ] [ -1147126.94735 4818057.47124 -1826866.25661 -332869.98278 -871751.0647 -2186177.23938 ] [ -117654.71914 -1826866.25661 2224731.77806 -51887.93187 306230.90381 1157437.97335 ] [ 739175.57451 -332869.98278 -51887.93187 1326887.6071 -248864.69787 41774.34577 ] [ -150271.20976 -871751.0647 306230.90381 -248864.69787 1417412.65567 698799.57979 ] [ 361477.11661 -2186177.23938 1157437.97335 41774.34577 698799.57979 2390817.62804 ] ] ]

State
Pi 0.065785
A 0.15646 0 0 0 0.030676 0.812865 0 0 
MultiGaussianOPDF [ [ -3175.57491 3273.25163 -2438.23648 -615.32234 -273.9404 -789.11975 ] [ [ 4385062.72307 -5696268.37593 -1305614.81444 1218645.41647 -682777.48004 -1259966.19289 ] [ -5696268.37593 34018752.8079 4171729.28006 -400175.3843 -4563564.58971 -836282.45277 ] [ -1305614.81444 4171729.28006 7780620.40695 -140446.48602 53095.14049 3779491.64747 ] [ 1218645.41647 -400175.3843 -140446.48602 2909780.55095 -1941682.86353 -357219.01313 ] [ -682777.48004 -4563564.58971 53095.14049 -1941682.86353 17469190.9254 3027217.24788 ] [ -1259966.19289 -836282.45277 3779491.64747 -357219.01313 3027217.24788 8528202.44114 ] ] ]

State
Pi 0.112949
A 0 0.007825 0 0.082118 0 0 0.910058 0 
MultiGaussianOPDF [ [ 4150.47545 5809.14132 6688.4205 7146.66699 -4846.38391 3633.52916 ] [ [ 6017134.36555 1753935.12451 818396.01185 3369672.99799 2238660.04015 -345671.85648 ] [ 1753935.12451 8177236.46033 1938764.52244 2383377.54475 -1570994.81494 593424.79775 ] [ 818396.01185 1938764.52244 7693561.30556 4031051.10691 -1450542.46775 1667063.79634 ] [ 3369672.99799 2383377.54475 4031051.10691 6022353.99845 900734.36652 -238961.26718 ] [ 2238660.04015 -1570994.81494 -1450542.46775 900734.36652 9992407.00568 -3509636.67963 ] [ -345671.85648 593424.79775 1667063.79634 -238961.26718 -3509636.67963 7272998.54823 ] ] ]

State
Pi 0
A 0 0.008152 0.0546 0 0.013009 0 0 0.92424 
MultiGaussianOPDF [ [ 5707.78 -2864.90339 -477.37061 5871.20967 6385.06449 1191.28503 ] [ [ 4108518.14675 802853.17613 -1526755.57212 1210912.48646 2425373.88606 -1505081.99849 ] [ 802853.17613 12567971.67721 5027579.03503 -2203636.60379 254008.71146 -2425361.44511 ] [ -1526755.57212 5027579.03503 13082229.33569 -3066338.29137 -5284061.79155 3005789.03293 ] [ 1210912.48646 -2203636.60379 -3066338.29137 11508509.64738 1042312.58862 1442389.72365 ] [ 2425373.88606 254008.71146 -5284061.79155 1042312.58862 13405897.84793 -6093670.18268 ] [ -1505081.99849 -2425361.44511 3005789.03293 1442389.72365 -6093670.18268 8037237.89191 ] ] ]

RIGHT_HOOK 1
Hmm v1.0

NbStates 5

State
Pi 0
A 0.99821 0.00179 0 0 0 
MultiGaussianOPDF [ [ 1410.09533 -17046.01815 1935.25519 ] [ [ 24854730.05821 15514936.58478 -2242288.84899 ] [ 15514936.58478 30367898.72996 -1042459.75404 ] [ -2242288.84899 -1042459.75404 7711457.04392 ] ] ]

State
Pi 0.292144
A 0.088116 0.890852 0.021032 0 0 
MultiGaussianOPDF [ [ 6056.60821 -6054.38811 1164.68505 ] [ [ 7477034.02099 -409319.53227 -1875155.44294 ] [ -409319.53227 4278651.96893 -1362373.73774 ] [ -1875155.44294 -1362373.73774 3101275.26311 ] ] ]

State
Pi 0.707856
A 0 0 0.886431 0.020456 0.093113 
MultiGaussianOPDF [ [ 2427.48264 -5154.87702 -6399.15013 ] [ [ 11804907.64546 -123944.89362 -2464486.81293 ] [ -123944.89362 3815167.1423 1268081.08301 ] [ -2464486.81293 1268081.08301 7132831.28448 ] ] ]

State
Pi 0
A 0 0 0 1 0 
MultiGaussianOPDF [ [ -7401.32957 -1517.92272 3333.1189 ] [ [ 5829687.77723 2672897.91056 1466645.29629 ] [ 2672897.91056 7295160.54448 3200291.90181 ] [ 1466645.29629 3200291.90181 4615962.79889 ] ] ]

State
Pi 0
A 0 0 0 0.035895 0.964105 
MultiGaussianOPDF [ [ -6072.85264 -3846.72542 -11340.41618 ] [ [ 24073475.30063 -3168446.6761 606474.08446 ] [ -3168446.6761 5428166.47012 -324388.52686 ] [ 606474.08446 -324388.52686 9241843.79828 ] ] ]

PSYCHO_CRUSHER 1
Hmm v1.0

NbStates 8

State
Pi 0.082238
A 0.905591 0.013186 0.01779 0.013221 0.003681 0.00027 0.041557 0.004704 
MultiGaussianOPDF [ [ 2066.54164 -761.583 -1075.27062 605.92989 -2875.74692 2860.79455 ] [ [ 3028597.90539 1053684.57647 178295.54977 -260544.97041 210700.07273 444807.76652 ] [ 1053684.57647 6578829.49077 565318.71676 -1685962.31709 2882.57105 757363.95545 ] [ 178295.54977 565318.71676 5313760.42805 -1022527.72124 -808922.11063 93717.31144 ] [ -260544.97041 -1685962.31709 -1022527.72124 3463445.87413 431265.36578 -1163421.19682 ] [ 210700.07273 2882.57105 -808922.11063 431265.36578 4214612.58619 514084.12923 ] [ 444807.76652 757363.95545 93717.31144 -1163421.19682 514084.12923 5286121.38656 ] ] ]

State
Pi 0
A 0.004262 0.928234 0 0 0 0.003742 0.005296 0.058466 
MultiGaussianOPDF [ [ -244.13664 6039.06455 -4494.28264 -286.56401 1485.97017 2381.11465 ] [ [ 5832246.47502 -1587259.74033 -891382.84773 2264713.89904 -939738.24217 -937028.49114 ] [ -1587259.74033 8447158.5548 -104809.6775 -430992.01986 745164.59146 2141401.97325 ] [ -891382.84773 -104809.6775 9516566.26863 -1843638.71018 -1439154.08432 2576340.25199 ] [ 2264713.89904 -430992.01986 -1843638.71018 6502390.33582 -5595.20475 -3293498.93205 ] [ -939738.24217 745164.59146 -1439154.08432 -5595.20475 6293657.4414 -1152263.19828 ] [ -937028.49114 2141401.97325 2576340.25199 -3293498.93205 -1152263.19828 5325059.49963 ] ] ]

State
Pi 0
A 0 0 0.807792 0 0 0.153802 0.038406 0 
MultiGaussianOPDF [ [ 349.06853 -1997.58155 1196.59327 -4679.96471 -1049.83457 5123.32803 ] [ [ 26159281.57394 -3243931.36644 -19869635.04797 17982526.80142 29763639.55108 759687.20103 ] [ -3243931.36644 12960339.90977 5082678.19663 14123791.09587 -5058161.34691 6869927.92184 ] [ -19869635.04797 5082678.19663 17421147.50495 -10286583.68172 -24226929.78035 -511638.6128 ] [ 17982526.80142 14123791.09587 -10286583.68172 68089086.31437 25764467.60729 -4644088.21724 ] [ 29763639.55108 -5058161.34691 -24226929.78035 25764467.60729 58036804.64943 -789402.4867 ] [ 759687.20103 6869927.92184 -511638.6128 -4644088.21724 -789402.4867 16259391.28555 ] ] ]

State
Pi 0.563709
A 0.029565 0.005117 0 0.876657 0.005561 0.017054 0.0517 0.014346 
