29
LEFT_SHORYUKEN 1
Hmm v1.0

NbStates 4

State
Pi 0.023854
A 0.890052 0 0.103759 0.006189 
MultiGaussianOPDF [ [ -7569.73382 4440.44875 -9889.64408 ] [ [ 7615909.93722 -1921369.36324 9738539.56011 ] [ -1921369.36324 9053908.86818 -5861390.61318 ] [ 9738539.56011 -5861390.61318 38444246.31208 ] ] ]

State
Pi 0.023835
A 0.12327 0.860686 0 0.016044 
MultiGaussianOPDF [ [ -8303.65865 7909.94714 -29795.3599 ] [ [ 56836376.59585 28126818.51691 9428182.91288 ] [ 28126818.51691 73540313.36308 -213994.68779 ] [ 9428182.91288 -213994.68779 14012191.25772 ] ] ]

State
Pi 0.427096
A 0.001817 0 0.909294 0.08889 
MultiGaussianOPDF [ [ -996.39934 737.20138 -2376.36327 ] [ [ 4104776.71503 -11646.13631 -1979239.66095 ] [ -11646.13631 2225665.92716 -805000.54749 ] [ -1979239.66095 -805000.54749 4555842.47151 ] ] ]

State
Pi 0.525215
A 0.003448 0.095334 0.019001 0.882217 
MultiGaussianOPDF [ [ 3601.57535 687.9686 -6855.54424 ] [ [ 13338101.17674 5062121.88219 3713162.06556 ] [ 5062121.88219 32840014.97803 -11767295.70453 ] [ 3713162.06556 -11767295.70453 56410336.22088 ] ] ]

LEFT_UPPERCUT 1
Hmm v1.0

NbStates 4

State
Pi 0.482519
A 0.918947 0.072094 0.008955 0.000003 
MultiGaussianOPDF [ [ -36.46514 1202.39926 -4284.26112 ] [ [ 3679992.24239 1008951.89009 -1586621.56377 ] [ 1008951.89009 1186416.28294 -359510.52283 ] [ -1586621.56377 -359510.52283 4397241.69583 ] ] ]

State
Pi 0.393024
A 0.005731 0.808736 0.0163 0.169233 
MultiGaussianOPDF [ [ 5449.0549 6179.6968 -7424.44807 ] [ [ 12684830.48959 1993314.38731 -3494907.57431 ] [ 1993314.38731 27717973.39408 -6503969.65229 ] [ -3494907.57431 -6503969.65229 21236350.41188 ] ] ]

State
Pi 0.124458
A 0.059406 0 0.940594 0 
MultiGaussianOPDF [ [ -5603.11603 2984.016 -15421.00394 ] [ [ 23341268.0467 -1392791.46161 7613482.12868 ] [ -1392791.46161 7790093.43356 -11532440.24188 ] [ 7613482.12868 -11532440.24188 51078284.50645 ] ] ]

State
Pi 0
A 0.000068 0 0.19469 0.805242 
MultiGaussianOPDF [ [ 4273.8855 5735.36438 -16911.39207 ] [ [ 11417624.53612 3424935.44796 6391542.95195 ] [ 3424935.44796 4619926.85529 1561560.54697 ] [ 6391542.95195 1561560.54697 10965852.60015 ] ] ]

RIGHT_JAB 1
Hmm v1.0

NbStates 4

State
Pi 0.047063
A 1 0 0 0 
MultiGaussianOPDF [ [ -2842.3702 362.24586 2793.71222 ] [ [ 9274913.41903 664836.22761 -1964250.70948 ] [ 664836.22761 6084366.9548 -77283.66414 ] [ -1964250.70948 -77283.66414 1901204.2632 ] ] ]

State
Pi 0.188752
A 0 0.792145 0 0.207855 
MultiGaussianOPDF [ [ 6302.95311 -2467.89452 1029.79279 ] [ [ 997997.89305 120029.25076 6917.17 ] [ 120029.25076 3333509.42385 1335753.41119 ] [ 6917.17 1335753.41119 1916257.51486 ] ] ]

State
Pi 0.764186
A 0 0.21013 0.78186 0.008009 
MultiGaussianOPDF [ [ 3635.44059 -2519.37089 1697.34551 ] [ [ 904325.85221 -88731.90527 323633.166 ] [ -88731.90527 913381.19268 497959.05042 ] [ 323633.166 497959.05042 1390396.26793 ] ] ]

State
Pi 0
A 0.224607 0 0 0.775393 
MultiGaussianOPDF [ [ 4449.00831 1429.88337 228.62574 ] [ [ 6538969.41312 171221.61829 -37449.0312 ] [ 171221.61829 2200638.16735 153883.86956 ] [ -37449.0312 153883.86956 956853.81888 ] ] ]

LEFT_ONE_HUNDRED_HAND_SLAP 1
Hmm v1.0

NbStates 4

State
Pi 0.109943
A 0.879515 0.119787 0 0.000698 
MultiGaussianOPDF [ [ -3152.02668 -3393.34491 -12191.24663 ] [ [ 8236316.06688 -1521228.90969 -3967858.41035 ] [ -1521228.90969 9011568.51468 2497008.22343 ] [ -3967858.41035 2497008.22343 15685985.83259 ] ] ]

State
Pi 0.02646
A 0.172063 0.664585 0.163352 0 
MultiGaussianOPDF [ [ -7537.00472 187.57012 -1208.80231 ] [ [ 18812190.20366 -3730732.7422 -1094611.67442 ] [ -3730732.7422 3937816.75339 3629238.67495 ] [ -1094611.67442 3629238.67495 14696762.14689 ] ] ]

State
Pi 0.863597
A 0.001915 0.166847 0.7011 0.130137 
MultiGaussianOPDF [ [ -7479.01471 3105.9187 8685.67437 ] [ [ 34573418.37906 -1861435.4803 -5807207.53108 ] [ -1861435.4803 12905804.77516 880377.21396 ] [ -5807207.53108 880377.21396 15886384.20129 ] ] ]

State
Pi 0
A 0.002828 0 0.129673 0.867499 
MultiGaussianOPDF [ [ -4748.41428 2264.30063 20345.09718 ] [ [ 28319162.74357 -1407356.87156 -2105107.5521 ] [ -1407356.87156 10874815.62007 2283271.01366 ] [ -2105107.5521 2283271.01366 15307424.14068 ] ] ]

RIGHT_UPPERCUT 1
Hmm v1.0

NbStates 4

State
Pi 0.062425
A 0.969336 0.004891 0 0.025774 
MultiGaussianOPDF [ [ -9297.45398 -3078.18298 -12639.73701 ] [ [ 6512801.80607 1033629.16165 2693788.12508 ] [ 1033629.16165 2594215.17378 5946979.2372 ] [ 2693788.12508 5946979.2372 22748550.03031 ] ] ]

State
Pi 0.7291
A 0.002887 0.80022 0.196893 0 
MultiGaussianOPDF [ [ 1343.34613 -3082.76205 -8783.9764 ] [ [ 2838979.83254 80498.99089 -1887609.86772 ] [ 80498.99089 3720386.74515 2342838.5655 ] [ -1887609.86772 2342838.5655 7760284.61031 ] ] ]

State
Pi 0.063207
A 0.000209 0.021385 0.781674 0.196732 
MultiGaussianOPDF [ [ 280.49466 -1278.81092 -14751.97386 ] [ [ 7184391.96826 -1004600.28159 1265939.98859 ] [ -1004600.28159 13400094.75293 4044525.42372 ] [ 1265939.98859 4044525.42372 7467713.69867 ] ] ]

State
Pi 0.145267
A 0.175263 0 0.054405 0.770333 
MultiGaussianOPDF [ [ -7353.08039 -1526.59268 -19527.55434 ] [ [ 28901192.11182 -6388310.20358 -1097192.49054 ] [ -6388310.20358 16612127.22156 2044417.15756 ] [ -1097192.49054 2044417.15756 10306695.30142 ] ] ]

RIGHT_CHOP 1
Hmm v1.0

NbStates 4

State
Pi 0
A 0.875695 0 0.018925 0.10538 
MultiGaussianOPDF [ [ -6198.51671 11846.96863 1195.02583 ] [ [ 17368020.10307 -8416422.66022 5726734.01741 ] [ -8416422.66022 29546460.04087 -5123459.12045 ] [ 5726734.01741 -5123459.12045 3536808.43722 ] ] ]

State
Pi 0.79664
A 0.051334 0.894496 0.05417 0 
MultiGaussianOPDF [ [ 96.18236 4674.24226 1108.24875 ] [ [ 6376296.9194 -2662950.30405 661564.9286 ] [ -2662950.30405 5720444.61404 374897.8024 ] [ 661564.9286 374897.8024 645459.79465 ] ] ]

State
Pi 0.20336
A 0 0.039511 0.952426 0.008063 
MultiGaussianOPDF [ [ -5497.71783 -2274.61796 -2105.62155 ] [ [ 22962949.33245 4053038.55555 462052.70155 ] [ 4053038.55555 24028233.68808 6516362.65202 ] [ 462052.70155 6516362.65202 6302314.45472 ] ] ]

State
Pi 0
A 0 0 0.05224 0.94776 
MultiGaussianOPDF [ [ -19068.22554 -1137.29156 -6028.93217 ] [ [ 104509869.24115 -51717934.20628 -20870138.06494 ] [ -51717934.20628 206812903.50997 46347315.0711 ] [ -20870138.06494 46347315.0711 34743521.37321 ] ] ]

SUMO_HEADBUTT 1
Hmm v1.0

NbStates 5

State
Pi 0
A 0.850031 0 0.144551 0.005418 0 
MultiGaussianOPDF [ [ -1550.69351 -987.21646 2364.2363 -1455.84678 300.50151 2284.66737 ] [ [ 6121368.79077 1195175.70841 654883.22515 2536475.58261 -1082105.98325 -549520.5337 ] [ 1195175.70841 6036853.60483 979857.93621 432412.46045 -4031598.80477 -716344.30135 ] [ 654883.22515 979857.93621 1726186.18282 238970.54146 -641301.59195 672615.61403 ] [ 2536475.58261 432412.46045 238970.54146 4349379.60449 574004.82239 -627261.34313 ] [ -1082105.98325 -4031598.80477 -641301.59195 574004.82239 7679791.65047 448111.11862 ] [ -549520.5337 -716344.30135 672615.61403 -627261.34313 448111.11862 1650266.34775 ] ] ]

State
Pi 0.666949
A 0.06971 0.922006 0.000012 0.001251 0.007021 
MultiGaussianOPDF [ [ 3886.36997 2185.86052 2886.35949 4483.46041 -1842.61084 1575.26512 ] [ [ 1250929.83299 -339880.24035 329354.52019 1154080.44926 289742.76888 128666.68067 ] [ -339880.24035 1204506.48083 -350490.6026 -256480.01068 -831073.65677 -306616.64782 ] [ 329354.52019 -350490.6026 1138941.99331 733482.5683 375672.49112 638281.89535 ] [ 1154080.44926 -256480.01068 733482.5683 1728416.59437 266515.30839 238219.75388 ] [ 289742.76888 -831073.65677 375672.49112 266515.30839 1299410.83407 274034.9413 ] [ 128666.68067 -306616.64782 638281.89535 238219.75388 274034.9413 787853.57343 ] ] ]

State
Pi 0
A 0.134715 0 0.864307 0.000978 0 
MultiGaussianOPDF [ [ -7286.31917 2748.86379 1166.98317 -6382.2447 -2489.26972 3618.32876 ] [ [ 18472177.61008 -2325419.83023 -4480554.15447 6852415.7374 2370560.33202 -3622580.54435 ] [ -2325419.83023 34884368.95223 -2007607.32498 1653633.4829 -2226614.65749 2829443.05243 ] [ -4480554.15447 -2007607.32498 5038748.60659 -4156463.75153 -1228384.55756 2350797.70862 ] [ 6852415.7374 1653633.4829 -4156463.75153 16220521.40345 4426901.51951 -7915211.7709 ] [ 2370560.33202 -2226614.65749 -1228384.55756 4426901.51951 11673372.68928 -3005113.28616 ] [ -3622580.54435 2829443.05243 2350797.70862 -7915211.7709 -3005113.28616 6655196.08337 ] ] ]

State
Pi 0.333039
A 0.002454 0.001213 0 0.964865 0.031468 
MultiGaussianOPDF [ [ 2832.48949 0.69849 -674.69214 3771.01164 -1165.47419 304.58489 ] [ [ 3698077.84466 -2605231.44191 719522.83188 2080297.78028 737369.86953 1729699.63138 ] [ -2605231.44191 6131753.09916 -2494124.97962 -1407545.61228 -1852538.78855 -3511995.83086 ] [ 719522.83188 -2494124.97962 2593929.65016 562873.8018 797832.11601 1851384.51693 ] [ 2080297.78028 -1407545.61228 562873.8018 2425786.51332 240071.27446 1122165.2983 ] [ 737369.86953 -1852538.78855 797832.11601 240071.27446 2222680.18897 1599018.52702 ] [ 1729699.63138 -3511995.83086 1851384.51693 1122165.2983 1599018.52702 3761929.75233 ] ] ]

State
Pi 0.000012
A 0.01301 0 0 0.008699 0.978291 
MultiGaussianOPDF [ [ 5271.66235 -1361.76648 27.69781 7175.25012 1978.02444 1848.16343 ] [ [ 2430455.75071 457518.6371 -253613.40064 896486.2294 605597.06463 171269.8985 ] [ 457518.6371 7866839.67859 3910801.59808 396595.74059 -6518542.80007 -195746.3988 ] [ -253613.40064 3910801.59808 9829182.64723 24973.69675 -5475707.46578 2269085.54056 ] [ 896486.2294 396595.74059 24973.69675 3957356.32052 -201866.23768 -196596.33256 ] [ 605597.06463 -6518542.80007 -5475707.46578 -201866.23768 21712777.77611 -2947995.862 ] [ 171269.8985 -195746.3988 2269085.54056 -196596.33256 -2947995.862 4577945.47436 ] ] ]

LEFT_CHOP 1
Hmm v1.0

NbStates 4

State
Pi 0.09294
A 0.763041 0 0.236959 0 
MultiGaussianOPDF [ [ -5266.07675 -9272.88512 -713.59628 ] [ [ 23540208.02231 12499881.51561 -5518655.53193 ] [ 12499881.51561 21394038.51511 -3332361.29981 ] [ -5518655.53193 -3332361.29981 11125410.57132 ] ] ]

State
Pi 0.90706
A 0.113493 0.886507 0 0 
MultiGaussianOPDF [ [ -273.5885 -3894.73849 549.05044 ] [ [ 4645233.53049 1411139.66544 436535.38265 ] [ 1411139.66544 9910669.00661 -2939648.31951 ] [ 436535.38265 -2939648.31951 2980223.92723 ] ] ]

State
Pi 0
A 0 0 0.720453 0.279547 
MultiGaussianOPDF [ [ -12092.14908 -5310.37091 -4655.63772 ] [ [ 10747674.65162 -3298816.43155 550146.11405 ] [ -3298816.43155 37043789.42838 -1456487.82447 ] [ 550146.11405 -1456487.82447 4499521.50602 ] ] ]

State
Pi 0
A 0 0 0 1 
MultiGaussianOPDF [ [ -17946.8526 6771.28318 -7412.92071 ] [ [ 34052879.88094 33980696.2091 -6370218.69228 ] [ 33980696.2091 121809385.66341 -13532640.72712 ] [ -6370218.69228 -13532640.72712 22244925.16267 ] ] ]

QUADRUPLE_LARIAT 1
Hmm v1.0

NbStates 5

State
Pi 0.474086
A 0.950609 0.000507 0 0.048885 0 
MultiGaussianOPDF [ [ -3370.82625 -2044.52507 3787.47749 -3135.27448 -3677.7666 1783.03413 ] [ [ 5633662.77564 2456534.24916 1833675.40397 4315707.8112 822813.08905 1185944.03749 ] [ 2456534.24916 3680987.8489 1198111.2499 2025538.99089 582133.84839 997829.97109 ] [ 1833675.40397 1198111.2499 2050841.0582 1236758.12818 2374.30459 625637.49864 ] [ 4315707.8112 2025538.99089 1236758.12818 5633340.97477 257911.236 997040.2204 ] [ 822813.08905 582133.84839 2374.30459 257911.236 1976066.66614 413277.76177 ] [ 1185944.03749 997829.97109 625637.49864 997040.2204 413277.76177 888989.54665 ] ] ]

State
Pi 0.525914
A 0.004112 0.956978 0 0.007267 0.031643 
MultiGaussianOPDF [ [ -4226.51338 3837.40142 1839.00346 -4658.99704 1295.59921 4041.08882 ] [ [ 13976430.05548 -368516.06281 3328619.04021 7572893.81716 1264943.9444 1276735.96673 ] [ -368516.06281 6497184.7221 -2008517.51641 -1063840.19123 1063525.57781 -1114394.72541 ] [ 3328619.04021 -2008517.51641 4084024.83999 3029092.43132 -277839.84607 1522019.40866 ] [ 7572893.81716 -1063840.19123 3029092.43132 14532201.91264 1338780.117 1972081.30289 ] [ 1264943.9444 1063525.57781 -277839.84607 1338780.117 5766358.10049 769329.74242 ] [ 1276735.96673 -1114394.72541 1522019.40866 1972081.30289 769329.74242 2284978.95613 ] ] ]

State
Pi 0
A 0 0 0.989399 0 0.010601 
MultiGaussianOPDF [ [ -13023.97653 512.9064 -2564.48532 -13036.10135 -1462.17546 -199.61951 ] [ [ 4075863.20286 -1161026.20287 580577.90402 -327069.96895 -77174.59666 -39977.33433 ] [ -1161026.20287 5443446.3219 937665.73806 1083134.42219 -1004989.68665 849452.8212 ] [ 580577.90402 937665.73806 4797612.21284 319916.99102 -71569.05554 764764.53886 ] [ -327069.96895 1083134.42219 319916.99102 4115420.08923 -725597.67032 1264380.16606 ] [ -77174.59666 -1004989.68665 -71569.05554 -725597.67032 3467001.90617 -418359.33205 ] [ -39977.33433 849452.8212 764764.53886 1264380.16606 -418359.33205 2528236.78484 ] ] ]

State
Pi 0
A 0.005537 0.003841 0 0.954139 0.036484 
MultiGaussianOPDF [ [ -7985.72692 883.32023 3799.89016 -7284.83473 -2868.8271 3025.14525 ] [ [ 3863512.49555 183495.44272 593057.37226 -261346.21318 162870.36664 681145.4937 ] [ 183495.44272 2836014.24592 1616176.54582 616987.1188 -668931.06304 840959.4237 ] [ 593057.37226 1616176.54582 4722021.56087 -910448.31002 -513467.82649 1480869.23816 ] [ -261346.21318 616987.1188 -910448.31002 4613914.96206 -1076336.52057 -255378.04591 ] [ 162870.36664 -668931.06304 -513467.82649 -1076336.52057 3506768.4193 739396.37657 ] [ 681145.4937 840959.4237 1480869.23816 -255378.04591 739396.37657 2070431.04717 ] ] ]

State
Pi 0
A 0.00046 0.007822 0.013075 0.018045 0.960599 
MultiGaussianOPDF [ [ -9778.45897 1764.23856 574.95228 -9716.98346 -1406.16573 1511.04463 ] [ [ 2651967.27127 -175698.54343 325050.40575 339174.76137 -38576.46822 520593.10491 ] [ -175698.54343 2005995.34774 484965.68691 146293.42219 -273003.62566 182195.03496 ] [ 325050.40575 484965.68691 2315856.15186 -54472.21344 -172264.68276 106690.79949 ] [ 339174.76137 146293.42219 -54472.21344 2108332.79149 9959.91055 705895.81147 ] [ -38576.46822 -273003.62566 -172264.68276 9959.91055 1509068.04686 -341781.05237 ] [ 520593.10491 182195.03496 106690.79949 705895.81147 -341781.05237 2193195.46619 ] ] ]

TWO_HANDED_ONE_HUNDRED_HAND_SLAP 1
Hmm v1.0

NbStates 5

State
Pi 0.575613
A 0.888209 0.089117 0 0.018906 0.003768 
MultiGaussianOPDF [ [ -1629.38295 -1211.76473 -2066.90573 -4299.18324 -4359.37325 12121.21871 ] [ [ 2654453.5089 -1132776.36181 -139530.50322 885131.0115 779701.76713 -2448815.73753 ] [ -1132776.36181 7817651.30972 11997326.68446 -706195.36227 -346934.79108 -848920.73411 ] [ -139530.50322 11997326.68446 35396572.48273 -1238425.1201 -173176.95553 -8707994.25626 ] [ 885131.0115 -706195.36227 -1238425.1201 3683777.65865 475256.71132 1764736.74027 ] [ 779701.76713 -346934.79108 -173176.95553 475256.71132 4832815.04663 -2022410.63159 ] [ -2448815.73753 -848920.73411 -8707994.25626 1764736.74027 -2022410.63159 28296617.58858 ] ] ]

State
Pi 0.288007
A 0.053879 0.912138 0.024501 0.000409 0.009074 
MultiGaussianOPDF [ [ -2350.83622 1490.80482 7044.886 -2639.39931 2188.79386 -4843.4297 ] [ [ 3017801.73286 -265868.85373 -284259.48538 821342.9668 150998.31567 572760.57444 ] [ -265868.85373 11911085.61152 20772535.38781 2066481.13486 1696700.19081 -2805088.70686 ] [ -284259.48538 20772535.38781 60849449.22334 5901211.87377 3131194.786 -5513991.56363 ] [ 821342.9668 2066481.13486 5901211.87377 6141074.35687 3855757.49321 -6521580.42925 ] [ 150998.31567 1696700.19081 3131194.786 3855757.49321 11953489.42653 -19513060.07057 ] [ 572760.57444 -2805088.70686 -5513991.56363 -6521580.42925 -19513060.07057 41273706.51509 ] ] ]

State
Pi 0.136381
A 0 0.00611 0.842279 0 0.151612 
MultiGaussianOPDF [ [ -9696.24866 4012.28159 15981.87532 -4370.47554 7178.09154 -13292.01846 ] [ [ 13273091.15903 3475650.59261 -1073952.0735 268442.94197 -1211486.10316 8266020.78125 ] [ 3475650.59261 21295742.40138 1262780.46637 -2950832.77274 3339762.41251 -683792.95093 ] [ -1073952.0735 1262780.46637 33260102.07376 711274.38322 6351321.13111 -13084800.27261 ] [ 268442.94197 -2950832.77274 711274.38322 6766936.52541 780568.35358 -3214643.39051 ] [ -1211486.10316 3339762.41251 6351321.13111 780568.35358 13166722.43175 -8300024.98895 ] [ 8266020.78125 -683792.95093 -13084800.27261 -3214643.39051 -8300024.98895 30680034.1534 ] ] ]

State
Pi 0
A 0.007624 0.030161 0 0.841384 0.120831 
MultiGaussianOPDF [ [ -2190.24081 -3841.43188 -15263.37037 -7468.30612 -8779.92432 16005.68755 ] [ [ 7915972.94281 -427964.36145 -5923021.3341 -880619.08539 2296723.77571 322214.82675 ] [ -427964.36145 9729925.15693 -3268538.71976 -495486.48132 -1071667.43989 2002086.20789 ] [ -5923021.3341 -3268538.71976 42183138.85374 -2579946.03327 1304223.69526 -13198130.11924 ] [ -880619.08539 -495486.48132 -2579946.03327 4082645.02246 -881878.88195 5921016.59549 ] [ 2296723.77571 -1071667.43989 1304223.69526 -881878.88195 13847829.17155 -8212611.69681 ] [ 322214.82675 2002086.20789 -13198130.11924 5921016.59549 -8212611.69681 36507463.49114 ] ] ]

State
Pi 0
A 0.000058 0.006712 0.084273 0.103834 0.805122 
MultiGaussianOPDF [ [ -8861.00138 1569.01141 6789.27517 -9048.77879 -4836.38872 6239.58869 ] [ [ 9704595.43896 -3986500.45659 -8815143.98729 773374.59603 -1765498.28996 3102179.37765 ] [ -3986500.45659 15409525.9677 30334399.56499 297483.11203 3082387.95885 -7382255.66735 ] [ -8815143.98729 30334399.56499 107002688.77672 3330189.90386 8554977.75234 -16537965.77403 ] [ 773374.59603 297483.11203 3330189.90386 9817792.9985 1437347.90432 2763356.43345 ] [ -1765498.28996 3082387.95885 8554977.75234 1437347.90432 42800185.90138 -62614756.70276 ] [ 3102179.37765 -7382255.66735 -16537965.77403 2763356.43345 -62614756.70276 113218916.13526 ] ] ]

SUCK_IT 1
Hmm v1.0

NbStates 5

State
Pi 0
A 0.752182 0 0.247818 0 0 
MultiGaussianOPDF [ [ -9985.3683 20279.66711 -10220.81377 -5279.32206 -17935.21816 -11870.86912 ] [ [ 33179285.60941 18815473.39355 9652318.25879 8778153.6769 13557417.49991 24460543.23695 ] [ 18815473.39355 100299003.14757 -14216796.72252 11644442.34915 -2836436.93869 28324837.24548 ] [ 9652318.25879 -14216796.72252 63024207.39784 3910736.05977 -477166.84677 23770294.65007 ] [ 8778153.6769 11644442.34915 3910736.05977 18564737.23395 8629693.21617 20432203.60647 ] [ 13557417.49991 -2836436.93869 -477166.84677 8629693.21617 91549493.62067 31753237.95981 ] [ 24460543.23695 28324837.24548 23770294.65007 20432203.60647 31753237.95981 83112985.14309 ] ] ]

State
Pi 0
A 0.224132 0.772254 0.003614 0 0 
MultiGaussianOPDF [ [ -13184.29607 3988.4771 -7392.56656 -14482.14303 -7337.36538 -9791.55742 ] [ [ 25139002.20543 -8754657.75702 2379692.85014 10873459.79872 8844651.81594 6947123.9285 ] [ -8754657.75702 98212081.46063 -14417950.29 14063747.16122 -67307919.13825 1957024.31235 ] [ 2379692.85014 -14417950.29 15477374.65735 1618436.36723 6991900.3781 2758046.2173 ] [ 10873459.79872 14063747.16122 1618436.36723 19486651.95796 -7793029.36923 13173454.2632 ] [ 8844651.81594 -67307919.13825 6991900.3781 -7793029.36923 96630853.02442 5340687.39774 ] [ 6947123.9285 1957024.31235 2758046.2173 13173454.2632 5340687.39774 29558511.64653 ] ] ]

State
Pi 0
A 0 0.023982 0.924763 0 0.051255 
MultiGaussianOPDF [ [ -4306.65858 9887.7061 -7165.16844 -5437.43284 -9151.97455 -6986.46867 ] [ [ 9156295.15533 4630516.09798 3613752.66488 5555602.47832 -8711919.88606 -1419872.40536 ] [ 4630516.09798 22506868.67481 5647006.11886 2448402.35182 -17594717.1988 2638287.04563 ] [ 3613752.66488 5647006.11886 9383294.87312 3499354.7305 -5198420.28147 6632771.96551 ] [ 5555602.47832 2448402.35182 3499354.7305 6340463.59426 -4092105.25846 1117981.89487 ] [ -8711919.88606 -17594717.1988 -5198420.28147 -4092105.25846 25576294.08072 1035805.72673 ] [ -1419872.40536 2638287.04563 6632771.96551 1117981.89487 1035805.72673 11874020.06932 ] ] ]

State
Pi 0.826106
A 0 0 0 0.84136 0.15864 
MultiGaussianOPDF [ [ -393.32882 -4898.77687 -315.212 -192.32218 5152.69194 -138.40835 ] [ [ 5418606.36254 4735452.49911 -229770.79052 4552811.45818 -4838883.25646 22401.7206 ] [ 4735452.49911 15089665.9664 -4023921.09271 6481136.92575 -13645332.82194 -1523082.84228 ] [ -229770.79052 -4023921.09271 3778283.62647 -1498799.60161 3639379.7153 1692964.66921 ] [ 4552811.45818 6481136.92575 -1498799.60161 7632237.44594 -7233856.29161 -394670.24481 ] [ -4838883.25646 -13645332.82194 3639379.7153 -7233856.29161 15923542.60554 2101545.967 ] [ 22401.7206 -1523082.84228 1692964.66921 -394670.24481 2101545.967 1979407.73429 ] ] ]

State
Pi 0.173894
A 0 0.207581 0 0.016666 0.775753 
MultiGaussianOPDF [ [ -6884.70258 -5228.35192 -1895.6031 -8356.36811 6108.93355 -2298.33468 ] [ [ 16024596.50149 -3655811.44349 3150672.49052 8250398.33628 4979857.74193 2231854.34929 ] [ -3655811.44349 19896020.762 -6015585.93508 -2133436.32082 -15632845.52117 -3873224.682 ] [ 3150672.49052 -6015585.93508 6536036.4924 -342243.12817 5904038.37432 2336805.98441 ] [ 8250398.33628 -2133436.32082 -342243.12817 17619383.2393 3593615.30758 5094999.45972 ] [ 4979857.74193 -15632845.52117 5904038.37432 3593615.30758 24703339.46381 6061822.47319 ] [ 2231854.34929 -3873224.682 2336805.98441 5094999.45972 6061822.47319 5155938.29798 ] ] ]

RIGHT_ONE_HUNDRED_HAND_SLAP 1
Hmm v1.0

NbStates 4

State
Pi 0.169501
A 0.806202 0.11829 0.075327 0.00018 
MultiGaussianOPDF [ [ -4178.48657 1300.59181 -4643.42718 ] [ [ 10103368.15763 2525682.56547 -5544767.61989 ] [ 2525682.56547 3819413.53787 -4663486.90821 ] [ -5544767.61989 -4663486.90821 11352907.57876 ] ] ]

State
Pi 0.803708
A 0.120771 0.744939 0.013784 0.120506 
MultiGaussianOPDF [ [ -5179.51222 -2692.54678 6516.13856 ] [ [ 19757249.68569 2152128.4568 -3413942.90773 ] [ 2152128.4568 4575149.70996 -4708899.78598 ] [ -3413942.90773 -4708899.78598 16535402.20359 ] ] ]

State
Pi 0
A 0.159301 0.013223 0.827476 0 
MultiGaussianOPDF [ [ -5933.78476 4831.2131 -13978.06026 ] [ [ 9247755.63438 4277880.73941 872714.36654 ] [ 4277880.73941 12080314.43078 -3475569.42006 ] [ 872714.36654 -3475569.42006 28456053.96715 ] ] ]

State
Pi 0.026791
A 0.000006 0.13209 0 0.867905 
MultiGaussianOPDF [ [ -2345.02353 -4481.33 18345.38687 ] [ [ 21170885.14584 -2287484.41994 -5712878.98582 ] [ -2287484.41994 12272648.45267 -3725382.24764 ] [ -5712878.98582 -3725382.24764 22718132.46385 ] ] ]

RIGHT_BLOCK 1
Hmm v1.0

NbStates 2

State
Pi 0.742387
A 0.990772 0.009228 
MultiGaussianOPDF [ [ 4050.98329 -717.98588 -271.92274 ] [ [ 243464.13863 248033.67096 -20733.28727 ] [ 248033.67096 465517.94995 -11129.38456 ] [ -20733.28727 -11129.38456 283104.94645 ] ] ]

State
Pi 0.257613
A 0.002654 0.997346 
MultiGaussianOPDF [ [ 3909.78385 -420.13892 136.8611 ] [ [ 4874.49499 12491.39017 1137.16328 ] [ 12491.39017 65308.28817 12281.61658 ] [ 1137.16328 12281.61658 46135.19737 ] ] ]

HADOUKEN 1
Hmm v1.0

NbStates 5

State
Pi 0.495768
A 0.931429 0.006775 0.006357 0 0.055439 
MultiGaussianOPDF [ [ -85.93401 -569.98358 4994.55852 3955.98707 -854.06063 -3772.47762 ] [ [ 1429624.0856 -57664.11068 -194678.04102 286214.7832 -407602.22143 477198.45932 ] [ -57664.11068 7857693.03567 -929721.04707 -2039419.92243 -1952626.79135 3081478.37326 ] [ -194678.04102 -929721.04707 2246136.36585 2680612.55273 266037.90071 -232626.58631 ] [ 286214.7832 -2039419.92243 2680612.55273 7094678.06948 184540.84053 -283862.06728 ] [ -407602.22143 -1952626.79135 266037.90071 184540.84053 2072440.46241 -1381732.66626 ] [ 477198.45932 3081478.37326 -232626.58631 -283862.06728 -1381732.66626 3078230.0218 ] ] ]

State
Pi 0.245025
A 0.004018 0.952464 0.041969 0 0.001549 
MultiGaussianOPDF [ [ 2318.67916 2410.79234 63.62128 4910.38948 21.04916 -1041.96536 ] [ [ 1317434.05969 -872915.38879 -849421.8144 394198.97359 1480606.10259 209995.23392 ] [ -872915.38879 3049698.34002 1540557.74499 885964.55189 -1702352.07413 -870030.81296 ] [ -849421.8144 1540557.74499 3663163.93526 748838.80732 -2353134.76592 -47367.03794 ] [ 394198.97359 885964.55189 748838.80732 3019149.69794 824988.32834 -623273.10221 ] [ 1480606.10259 -1702352.07413 -2353134.76592 824988.32834 5165434.17146 204475.9717 ] [ 209995.23392 -870030.81296 -47367.03794 -623273.10221 204475.9717 1343375.14815 ] ] ]

State
Pi 0
A 0 0 0.992678 0 0.007322 
MultiGaussianOPDF [ [ 2071.349 -826.98031 -3077.74488 2198.00549 496.04804 1348.28504 ] [ [ 12466511.36061 2334052.80105 7592055.84665 10856981.66398 4360440.49445 -1343071.63779 ] [ 2334052.80105 16374886.01963 6864816.33953 4412416.12234 738263.62169 -4071715.85346 ] [ 7592055.84665 6864816.33953 13223872.88178 9878955.95852 1930305.82244 -3868397.79606 ] [ 10856981.66398 4412416.12234 9878955.95852 29311447.14304 6024599.49054 -9217962.15172 ] [ 4360440.49445 738263.62169 1930305.82244 6024599.49054 21786566.18594 -6269774.77033 ] [ -1343071.63779 -4071715.85346 -3868397.79606 -9217962.15172 -6269774.77033 13714628.12306 ] ] ]

State
Pi 0.259207
A 0 0.012165 0.029249 0.958586 0 
MultiGaussianOPDF [ [ 3067.10916 -2173.46752 -2009.3936 3253.89905 -3025.47397 -837.47727 ] [ [ 1045648.29442 -106896.96334 810465.87359 -41045.19337 -290679.87503 295794.72562 ] [ -106896.96334 2712273.38486 -92148.94142 47460.12973 1333054.84584 675408.72967 ] [ 810465.87359 -92148.94142 1797474.88852 71134.39827 39847.73815 303336.56725 ] [ -41045.19337 47460.12973 71134.39827 1003127.195 1124387.54752 -250113.97991 ] [ -290679.87503 1333054.84584 39847.73815 1124387.54752 4018461.41904 598189.09302 ] [ 295794.72562 675408.72967 303336.56725 -250113.97991 598189.09302 1567560.65183 ] ] ]

State
Pi 0
A 0.017518 0 0 0 0.982482 
MultiGaussianOPDF [ [ -4830.26287 -1513.37489 2664.89319 -3697.14616 459.78401 -4697.37897 ] [ [ 25739385.74292 -12243938.11565 3724807.93875 21468299.94493 -2671759.58661 -1010768.20279 ] [ -12243938.11565 31565544.10033 478569.3478 -17097837.71324 -4786555.97563 -585795.14466 ] [ 3724807.93875 478569.3478 11141199.36254 4087980.80314 -2893450.90741 -3598673.99461 ] [ 21468299.94493 -17097837.71324 4087980.80314 51618100.83533 -3677944.89253 -5940425.25212 ] [ -2671759.58661 -4786555.97563 -2893450.90741 -3677944.89253 10488002.50123 2508788.07114 ] [ -1010768.20279 -585795.14466 -3598673.99461 -5940425.25212 2508788.07114 11580041.16211 ] ] ]

NYAN_CAT 1
Hmm v1.0

NbStates 5

State
Pi 0.968823
A 0.865611 0.045318 0.016208 0.021042 0.051821 
MultiGaussianOPDF [ [ 3268.70468 -419.85108 1426.46059 2433.6563 1582.37678 -881.56466 ] [ [ 1844562.14992 -625204.90764 -251667.55677 359548.64149 835827.5383 -516466.06485 ] [ -625204.90764 1928991.67816 349173.6105 499133.17615 -290252.53742 253899.83193 ] [ -251667.55677 349173.6105 5535211.41131 -336207.05646 278077.50354 -413415.38741 ] [ 359548.64149 499133.17615 -336207.05646 6192196.80455 2438785.82053 556711.52336 ] [ 835827.5383 -290252.53742 278077.50354 2438785.82053 3890667.78577 -1231589.25616 ] [ -516466.06485 253899.83193 -413415.38741 556711.52336 -1231589.25616 2901331.92276 ] ] ]

State
Pi 0.020362
A 0.015431 0.891945 0.074805 0 0.017819 
MultiGaussianOPDF [ [ 2152.13903 -665.53021 -679.56126 -2967.36936 -2905.25443 6377.97854 ] [ [ 3260524.01016 -1065802.98142 -171357.89958 -111124.10499 417534.05255 -1572117.24141 ] [ -1065802.98142 1130775.81737 -21826.42126 123654.4766 300873.63174 766707.48394 ] [ -171357.89958 -21826.42126 3632046.77622 -577329.91235 -183183.25645 -1922237.99665 ] [ -111124.10499 123654.4766 -577329.91235 4345308.91065 1322962.90354 -379933.38842 ] [ 417534.05255 300873.63174 -183183.25645 1322962.90354 6418859.972 615164.19015 ] [ -1572117.24141 766707.48394 -1922237.99665 -379933.38842 615164.19015 7961373.77064 ] ] ]

State
Pi 0.010814
A 0.001784 0.000551 0.830364 0.152157 0.015144 
MultiGaussianOPDF [ [ -3209.96408 1478.59339 2991.73957 2017.22123 1476.53784 710.61729 ] [ [ 8179881.86715 -1150015.31276 -5879107.29455 -209634.14757 -418938.91681 2259364.49027 ] [ -1150015.31276 3106141.27017 2021773.26947 964255.72494 1181659.62665 -2482780.94131 ] [ -5879107.29455 2021773.26947 12101966.46862 1123110.31705 422261.9292 -1792481.41204 ] [ -209634.14757 964255.72494 1123110.31705 2616000.5274 1653319.24594 -3612229.26932 ] [ -418938.91681 1181659.62665 422261.9292 1653319.24594 2931030.02416 -3522030.144 ] [ 2259364.49027 -2482780.94131 -1792481.41204 -3612229.26932 -3522030.144 10315199.20517 ] ] ]

State
Pi 0
A 0.017713 0.000089 0.012312 0.821688 0.148199 
MultiGaussianOPDF [ [ -2516.56969 1271.57546 8138.39152 1036.33031 501.30034 -1361.48523 ] [ [ 4830989.80836 -1151994.89497 -2108218.08732 48153.27716 -758410.10371 1848513.94063 ] [ -1151994.89497 6796189.2077 -595471.8914 474382.72808 872280.89492 -2011130.00792 ] [ -2108218.08732 -595471.8914 6621033.53104 141686.9111 771065.68102 -1412185.44732 ] [ 48153.27716 474382.72808 141686.9111 4453701.33645 1947130.90489 -401570.30019 ] [ -758410.10371 872280.89492 771065.68102 1947130.90489 2206963.25282 -1679980.36902 ] [ 1848513.94063 -2011130.00792 -1412185.44732 -401570.30019 -1679980.36902 3691904.22265 ] ] ]

State
Pi 0
A 0.001158 0.141801 0.031006 0.001311 0.824724 
MultiGaussianOPDF [ [ -1581.56829 534.2736 4552.95802 -4732.04585 -3042.16617 3684.30027 ] [ [ 11842283.25458 -3021681.49257 -4159492.70212 -1170884.26569 -2239249.68001 -3463730.95192 ] [ -3021681.49257 5848962.95157 2379488.49112 599666.15589 85624.58042 -2022201.91935 ] [ -4159492.70212 2379488.49112 15528931.98749 -64502.42397 1474607.35117 574777.5851 ] [ -1170884.26569 599666.15589 -64502.42397 4412608.92714 1711210.23332 2030447.44711 ] [ -2239249.68001 85624.58042 1474607.35117 1711210.23332 4706109.30069 2767500.35912 ] [ -3463730.95192 -2022201.91935 574777.5851 2030447.44711 2767500.35912 12434725.07242 ] ] ]

TWO_HANDED_BLOCK 1
Hmm v1.0

NbStates 2

State
Pi 0.349197
A 0.995319 0.004681 
MultiGaussianOPDF [ [ 3711.6709 1833.92088 -117.84308 3349.07088 -1816.81514 -823.61588 ] [ [ 280164.37049 -69241.66881 165152.71646 19946.20117 193630.55643 -207976.46753 ] [ -69241.66881 151226.49205 4223.02082 -34921.76665 -72137.4671 9055.11131 ] [ 165152.71646 4223.02082 279016.61498 -29435.40894 118352.82914 -178608.44728 ] [ 19946.20117 -34921.76665 -29435.40894 88672.56386 39228.92184 -15842.85094 ] [ 193630.55643 -72137.4671 118352.82914 39228.92184 286132.32933 -212318.83443 ] [ -207976.46753 9055.11131 -178608.44728 -15842.85094 -212318.83443 400937.6894 ] ] ]

State
Pi 0.650803
A 0.001569 0.998431 
MultiGaussianOPDF [ [ 4272.15341 137.5394 90.58958 4164.0397 -136.90554 348.17986 ] [ [ 174099.71442 118759.04041 111286.86643 21190.67164 17705.69518 -3984.55127 ] [ 118759.04041 651932.31399 232005.13977 -28699.24597 186140.24562 -64371.07118 ] [ 111286.86643 232005.13977 391934.89155 -50542.20121 159068.07556 92174.22271 ] [ 21190.67164 -28699.24597 -50542.20121 101844.79644 -24849.89259 -4480.72241 ] [ 17705.69518 186140.24562 159068.07556 -24849.89259 339127.68612 70026.67325 ] [ -3984.55127 -64371.07118 92174.22271 -4480.72241 70026.67325 164676.55081 ] ] ]

RIGHT_VAFANAPOLI_ATTACK 1
Hmm v1.0

NbStates 4

State
Pi 0.447506
A 0.891306 0.023379 0 0.085314 
MultiGaussianOPDF [ [ 3196.3811 -1635.34146 1822.26034 ] [ [ 634092.40715 -250866.12947 -35655.84342 ] [ -250866.12947 1115205.42574 -799397.4832 ] [ -35655.84342 -799397.4832 3286782.5019 ] ] ]

State
Pi 0.552494
A 0.001261 0.900439 0.000023 0.098276 
MultiGaussianOPDF [ [ 1548.2161 -1813.16662 3125.84833 ] [ [ 557912.73559 -84092.03445 -400539.59694 ] [ -84092.03445 384897.49268 100598.2388 ] [ -400539.59694 100598.2388 468480.03 ] ] ]

State
Pi 0
A 0 0 0.998115 0.001885 
MultiGaussianOPDF [ [ -41.93786 -462.99063 9166.44856 ] [ [ 8857639.13782 -1117595.72497 1920175.45042 ] [ -1117595.72497 5471355.27286 1635443.18882 ] [ 1920175.45042 1635443.18882 25318111.60815 ] ] ]

State
Pi 0
A 0.036084 0.002796 0.153912 0.807208 
MultiGaussianOPDF [ [ 525.98488 -2416.66219 5575.34161 ] [ [ 3631430.75716 -446737.59557 -965524.58038 ] [ -446737.59557 1253939.51425 -5578.75152 ] [ -965524.58038 -5578.75152 1481625.13837 ] ] ]

PSYCHO_CRUSHER 1
Hmm v1.0

NbStates 5

State
Pi 0
A 0.916974 0.064416 0 0.007448 0.011161 
MultiGaussianOPDF [ [ 958.84389 4421.89876 -3954.37794 626.29408 2071.48801 1204.47225 ] [ [ 4205128.61538 -1342822.98166 -1571453.82935 1036889.49519 15833.80766 205436.18149 ] [ -1342822.98166 7176568.10888 651251.43032 -1188013.64882 -256563.36012 525523.66502 ] [ -1571453.82935 651251.43032 11357661.00658 -2198347.27962 2576841.45883 26316.79362 ] [ 1036889.49519 -1188013.64882 -2198347.27962 5912399.44389 -1115530.40911 -3429072.3589 ] [ 15833.80766 -256563.36012 2576841.45883 -1115530.40911 4432267.26379 -1024310.44432 ] [ 205436.18149 525523.66502 26316.79362 -3429072.3589 -1024310.44432 7447173.59705 ] ] ]

State
Pi 0.055341
A 0.009827 0.951176 0 0.001548 0.037449 
MultiGaussianOPDF [ [ 2485.03859 -839.22463 -686.07826 2159.01266 375.96397 -1004.24162 ] [ [ 2658586.65907 681507.15488 -159544.66072 583544.36189 783553.09033 -283992.12323 ] [ 681507.15488 6518858.35173 692334.37115 580362.93126 716117.10673 -1414201.01031 ] [ -159544.66072 692334.37115 6449357.47565 -227906.37883 194419.26991 -1061973.07596 ] [ 583544.36189 580362.93126 -227906.37883 2593773.71016 538101.91908 898526.17408 ] [ 783553.09033 716117.10673 194419.26991 538101.91908 7260160.27841 -717317.15117 ] [ -283992.12323 -1414201.01031 -1061973.07596 898526.17408 -717317.15117 5764865.07791 ] ] ]

State
Pi 0
A 0 0.053463 0.929609 0.016094 0.000833 
MultiGaussianOPDF [ [ -2587.29418 -2119.35596 3731.6598 -598.88049 -4063.11186 -2949.72014 ] [ [ 11221623.80251 -2929733.4723 -7313604.61072 3816459.15221 1125012.47357 -4221886.67631 ] [ -2929733.4723 10110669.36206 4184042.16156 -2235700.1931 716056.6339 2059611.2744 ] [ -7313604.61072 4184042.16156 10114023.41072 -2886901.89816 -1777324.89925 4862735.30757 ] [ 3816459.15221 -2235700.1931 -2886901.89816 6407666.51028 2408480.37614 -2117825.62407 ] [ 1125012.47357 716056.6339 -1777324.89925 2408480.37614 10015862.26234 575527.58459 ] [ -4221886.67631 2059611.2744 4862735.30757 -2117825.62407 575527.58459 11419553.88603 ] ] ]

State
Pi 0.298659
A 0.031571 0.001085 0.023551 0.940245 0.003547 
MultiGaussianOPDF [ [ -1146.53465 625.03281 3993.8544 -1682.62347 -1385.20286 4595.69795 ] [ [ 3288677.32756 -4975.35799 -57679.43559 1439632.07569 149127.89584 690032.5929 ] [ -4975.35799 6368149.2895 -1424950.68118 276921.99558 1178920.74122 1228105.88539 ] [ -57679.43559 -1424950.68118 5622122.52198 2276693.90458 -2113392.63987 -366589.2209 ] [ 1439632.07569 276921.99558 2276693.90458 6720948.55162 -757407.55386 -1260298.65659 ] [ 149127.89584 1178920.74122 -2113392.63987 -757407.55386 5633788.28434 545811.25668 ] [ 690032.5929 1228105.88539 -366589.2209 -1260298.65659 545811.25668 3530081.96903 ] ] ]

State
Pi 0.645999
A 0.003038 0.011066 0.011023 0.083306 0.891567 
MultiGaussianOPDF [ [ 2391.06485 1306.10068 1526.97169 1096.15489 -3192.71493 2199.80746 ] [ [ 3199622.46198 -346598.86465 -403303.97444 1835805.2508 511194.24803 339749.20684 ] [ -346598.86465 4982507.05515 1600885.95951 541589.54764 -820888.74366 -1831471.17348 ] [ -403303.97444 1600885.95951 5118216.26022 1952807.40983 -469973.83138 -1932218.23194 ] [ 1835805.2508 541589.54764 1952807.40983 5056058.63996 -135870.37266 -1457944.24176 ] [ 511194.24803 -820888.74366 -469973.83138 -135870.37266 3524857.7424 646592.06822 ] [ 339749.20684 -1831471.17348 -1932218.23194 -1457944.24176 646592.06822 4113550.63099 ] ] ]

DISCO_STU 1
Hmm v1.0

NbStates 5

State
Pi 0.720073
A 0.883482 0.077678 0.008866 0.001661 0.028313 
MultiGaussianOPDF [ [ -300.42324 3241.38744 -200.32958 -1095.23284 -2105.98307 -325.6767 ] [ [ 2866317.62319 646219.19608 -729994.62188 2051341.99204 1423469.41462 -1246521.46868 ] [ 646219.19608 3211248.76177 -1495712.06493 681558.95403 158787.84777 -2052720.20948 ] [ -729994.62188 -1495712.06493 3519018.07412 -1115098.81725 -894178.21334 3861813.77588 ] [ 2051341.99204 681558.95403 -1115098.81725 3480636.11329 1806639.78002 -2532608.49098 ] [ 1423469.41462 158787.84777 -894178.21334 1806639.78002 2617642.64924 -1976245.77768 ] [ -1246521.46868 -2052720.20948 3861813.77588 -2532608.49098 -1976245.77768 7671519.60207 ] ] ]

State
Pi 0
A 0.005688 0.896202 0 0.096745 0.001366 
MultiGaussianOPDF [ [ -3022.74 -562.26198 2262.26641 -4249.98409 -4032.73683 8089.48433 ] [ [ 2010822.58078 1463749.46213 -612180.47774 1680731.57158 501108.55956 -955662.59837 ] [ 1463749.46213 6574214.29487 561955.63827 1434707.73652 -1332318.63505 -967142.54233 ] [ -612180.47774 561955.63827 2640087.29207 -402551.70493 -513298.22466 1588884.83519 ] [ 1680731.57158 1434707.73652 -402551.70493 4509509.67551 716169.72218 -1932300.42744 ] [ 501108.55956 -1332318.63505 -513298.22466 716169.72218 4818341.26866 801113.248 ] [ -955662.59837 -967142.54233 1588884.83519 -1932300.42744 801113.248 5171913.99103 ] ] ]

State
Pi 0.001935
A 0.004112 0 0.925125 0.027072 0.043691 
MultiGaussianOPDF [ [ -4001.72363 2019.54718 280.89145 -3348.55584 -6621.33852 -2540.16002 ] [ [ 2941114.36091 -3022862.9924 -532983.9672 -19916.01867 1205828.10714 1554281.94594 ] [ -3022862.9924 6380330.26317 646608.78838 -1154400.55312 -4238213.12488 -2189052.08549 ] [ -532983.9672 646608.78838 1502218.15325 -487936.1995 -1172184.652 278637.90174 ] [ -19916.01867 -1154400.55312 -487936.1995 20656206.41062 761479.40005 -12073524.49101 ] [ 1205828.10714 -4238213.12488 -1172184.652 761479.40005 25706301.44306 3595262.11273 ] [ 1554281.94594 -2189052.08549 278637.90174 -12073524.49101 3595262.11273 19361994.49124 ] ] ]

State
Pi 0.00023
A 0 0.011909 0.000451 0.910474 0.077167 
MultiGaussianOPDF [ [ -7556.01058 -1024.88149 -2156.43299 -4127.06427 -1660.93522 3788.94975 ] [ [ 5223839.52285 -712174.11218 3093227.17757 1310627.33716 -2696562.41377 3107856.97937 ] [ -712174.11218 1874790.32196 -496406.38378 -41803.5953 495774.0791 -1802457.17053 ] [ 3093227.17757 -496406.38378 2959342.81911 909543.86739 -1542610.01678 2281978.40075 ] [ 1310627.33716 -41803.5953 909543.86739 3268409.19413 1222928.60066 1257384.99059 ] [ -2696562.41377 495774.0791 -1542610.01678 1222928.60066 5760181.03773 -1046453.46982 ] [ 3107856.97937 -1802457.17053 2281978.40075 1257384.99059 -1046453.46982 6850684.19064 ] ] ]

State
Pi 0.277762
A 0.013663 0.005294 0.106356 0.004838 0.869848 
MultiGaussianOPDF [ [ -5909.14679 4732.34481 749.29436 -5620.15991 -3597.79775 1048.47448 ] [ [ 13432084.09955 549479.6063 2081131.80652 381884.2555 -1453952.72376 1336534.15522 ] [ 549479.6063 23842017.82055 -84813.94714 8625545.70071 1738258.32329 -2531955.48619 ] [ 2081131.80652 -84813.94714 11999791.4754 -769783.52042 -981621.61487 3770502.49085 ] [ 381884.2555 8625545.70071 -769783.52042 13648296.94509 -1396708.3269 -3233494.94482 ] [ -1453952.72376 1738258.32329 -981621.61487 -1396708.3269 14323560.92585 12094.85525 ] [ 1336534.15522 -2531955.48619 3770502.49085 -3233494.94482 12094.85525 11893887.25823 ] ] ]

ARM_WINDMILL 1
Hmm v1.0

NbStates 5

State
Pi 0
A 0.924144 0.006939 0 0.068917 0 
MultiGaussianOPDF [ [ -2384.24735 1218.04076 -11414.57287 -16861.35219 -4188.0893 -1802.93751 ] [ [ 20885864.44798 -7498870.92864 -503304.55393 35875.71048 1447171.62827 952514.5804 ] [ -7498870.92864 8671559.94036 -199541.0475 -685098.38793 -764063.15583 93136.60029 ] [ -503304.55393 -199541.0475 16143059.42523 9324756.83187 -3065212.41405 972006.09914 ] [ 35875.71048 -685098.38793 9324756.83187 17345128.88296 -3048308.23149 2005417.55211 ] [ 1447171.62827 -764063.15583 -3065212.41405 -3048308.23149 11772103.89886 835423.36058 ] [ 952514.5804 93136.60029 972006.09914 2005417.55211 835423.36058 4939721.17959 ] ] ]

State
Pi 0.772464
A 0.007446 0.928221 0.038543 0.016172 0.009618 
