36
RINGMASTER_RIGHT_HALF_RING -1.7976931348623157E308 -1.7976931348623157E308 0 
RIGHT_BLOCK -2817.30946395782 -138.81159279657587 1 
Hmm v1.0

NbStates 6

State
Pi 0.21282
A 0.960314 0 0.015684 0.007823 0.007561 0.008618 
MultiGaussianOPDF [ [ 3775.39286 226.53942 1057.98443 ] [ [ 792487.04595 -214831.23992 -431893.16807 ] [ -214831.23992 1180202.2926 -234289.26247 ] [ -431893.16807 -234289.26247 853734.46371 ] ] ]

State
Pi 0.097973
A 0 1 0 0 0 0 
MultiGaussianOPDF [ [ 7432.02647 -2272.93823 -4149.51319 ] [ [ 313969.87932 506491.22337 -140490.22805 ] [ 506491.22337 1727102.29783 -184168.03744 ] [ -140490.22805 -184168.03744 766694.12205 ] ] ]

State
Pi 0.203376
A 0.014305 0 0.979362 0.003142 0.000806 0.002385 
MultiGaussianOPDF [ [ 4161.89739 -359.12972 -642.271 ] [ [ 148271.19762 111642.98273 -15171.28393 ] [ 111642.98273 258056.63828 -48749.75144 ] [ -15171.28393 -48749.75144 170056.08689 ] ] ]

State
Pi 0.289716
A 0 0.003052 0.018085 0.967925 0.008453 0.002485 
MultiGaussianOPDF [ [ 3462.33516 -1698.56755 -1186.21679 ] [ [ 519141.86879 170023.88444 -161910.55576 ] [ 170023.88444 695741.79838 -168699.9451 ] [ -161910.55576 -168699.9451 795568.20106 ] ] ]

State
Pi 0.034116
A 0.009646 0 0.002463 0.000425 0.980141 0.007326 
MultiGaussianOPDF [ [ 3749.69821 -1910.28828 702.26139 ] [ [ 310514.02329 416602.31799 -128570.77268 ] [ 416602.31799 713596.26962 -156460.56554 ] [ -128570.77268 -156460.56554 128121.96752 ] ] ]

State
Pi 0.161998
A 0.002878 0 0.001098 0 0.00444 0.991585 
MultiGaussianOPDF [ [ 3896.76415 -753.94015 444.48382 ] [ [ 15655.62576 22243.48788 20518.30945 ] [ 22243.48788 199149.08739 -57924.01717 ] [ 20518.30945 -57924.01717 270862.36488 ] ] ]

RINGMASTER_LEFT_CIRCLE -1.7976931348623157E308 -1.7976931348623157E308 0 
RIGHT_UPPERCUT -1587.1083213194358 -303.3018375265573 1 
Hmm v1.0

NbStates 6

State
Pi 0
A 0.907746 0.076012 0.005571 0.010671 0 0 
MultiGaussianOPDF [ [ -12435.62354 2791.48096 2642.07932 ] [ [ 51022679.11728 -7147755.01546 3445007.80465 ] [ -7147755.01546 22572880.76699 4441904.0356 ] [ 3445007.80465 4441904.0356 26832806.7247 ] ] ]

State
Pi 0.040091
A 0 0.974395 0.025605 0 0 0 
MultiGaussianOPDF [ [ 777.09059 -772.6006 732.1651 ] [ [ 7193458.67496 -442019.33232 -117631.84067 ] [ -442019.33232 844528.40301 582578.62139 ] [ -117631.84067 582578.62139 2939365.93752 ] ] ]

State
Pi 0.768329
A 0 0.00391 0.840994 0.036242 0.118854 0 
MultiGaussianOPDF [ [ 1544.01849 -2387.32805 -9951.07439 ] [ [ 6137058.60059 1030048.17108 -1384423.60087 ] [ 1030048.17108 8720067.6136 1556964.73696 ] [ -1384423.60087 1556964.73696 21739042.87036 ] ] ]

State
Pi 0.096477
A 0.067677 0.000002 0.022597 0.880449 0.000874 0.028401 
MultiGaussianOPDF [ [ -9823.88602 -3054.10632 -16430.00701 ] [ [ 21486882.98788 450685.31226 2909039.06162 ] [ 450685.31226 12730021.27831 510682.41518 ] [ 2909039.06162 510682.41518 29240697.01165 ] ] ]

State
Pi 0.095103
A 0.000011 0 0.001366 0.090851 0.819677 0.088096 
MultiGaussianOPDF [ [ -4519.52359 -6902.17315 -24637.54509 ] [ [ 67233727.07595 646635.6584 27300107.62692 ] [ 646635.6584 82069352.05246 -17606926.51486 ] [ 27300107.62692 -17606926.51486 48918285.4545 ] ] ]

State
Pi 0
A 0.154246 0.00127 0 0 0 0.844484 
MultiGaussianOPDF [ [ -27257.2376 -6223.15357 -22131.58409 ] [ [ 19898734.07262 4924639.35579 842314.98542 ] [ 4924639.35579 135619951.66651 6874790.75743 ] [ 842314.98542 6874790.75743 92976962.61725 ] ] ]

LEFT_VAFANAPOLI_ATTACK -1908.9257019998952 -243.81156850841998 1 
Hmm v1.0

NbStates 6

State
Pi 0.68994
A 0.904275 0.000387 0.092504 0.002834 0 0 
MultiGaussianOPDF [ [ 2291.95704 1049.4731 3173.16137 ] [ [ 2296562.28507 115972.51531 -1411964.22649 ] [ 115972.51531 1387482.28981 2767.38125 ] [ -1411964.22649 2767.38125 3401187.69042 ] ] ]

State
Pi 0
A 0.008446 0.820626 0 0.144142 0.026773 0.000013 
MultiGaussianOPDF [ [ -1064.43608 -480.1336 -10524.01655 ] [ [ 11191525.76377 -1076774.96752 3380007.54064 ] [ -1076774.96752 13976682.21533 -6705668.05901 ] [ 3380007.54064 -6705668.05901 48433727.45675 ] ] ]

State
Pi 0
A 0.011343 0.00432 0.861706 0.001795 0.038206 0.082629 
MultiGaussianOPDF [ [ -1276.10959 -595.84398 9559.72935 ] [ [ 17964446.07379 3779943.42986 -7428048.04133 ] [ 3779943.42986 9540465.33174 -2766184.24129 ] [ -7428048.04133 -2766184.24129 15752095.85207 ] ] ]

State
Pi 0.112946
A 0.032569 0 0 0.953404 0.014027 0 
MultiGaussianOPDF [ [ 1228.04535 1568.76721 -3757.20226 ] [ [ 1639409.31486 71406.50229 713481.76549 ] [ 71406.50229 1622495.95684 -1065356.77264 ] [ 713481.76549 -1065356.77264 4361750.70062 ] ] ]

State
Pi 0.197114
A 0.042149 0.03043 0.037434 0.003029 0.870258 0.0167 
MultiGaussianOPDF [ [ -2918.49066 1678.50804 -1076.41748 ] [ [ 7620240.13324 -4291326.20954 3785736.74138 ] [ -4291326.20954 17313394.18803 -9889364.80172 ] [ 3785736.74138 -9889364.80172 13583222.16501 ] ] ]

State
Pi 0
A 0 0.140184 0 0 0.013629 0.846187 
MultiGaussianOPDF [ [ -13144.95221 -3712.04569 -3743.95642 ] [ [ 45643641.8013 -6996100.42962 39804613.5293 ] [ -6996100.42962 20508701.68527 -18891334.68286 ] [ 39804613.5293 -18891334.68286 169103210.11937 ] ] ]

RIGHT_HOOK -1483.044172890885 -304.80055473303224 1 
Hmm v1.0

NbStates 6

State
Pi 0.003516
A 0.897349 0 0 0.102651 0 0 
MultiGaussianOPDF [ [ -19515.67743 4107.81121 -9397.62686 ] [ [ 47758462.62642 11318464.93934 43580402.52279 ] [ 11318464.93934 39078507.82202 27457156.76203 ] [ 43580402.52279 27457156.76203 121600015.67591 ] ] ]

State
Pi 0.698641
A 0 0.876367 0.052528 0.001149 0.069955 0 
MultiGaussianOPDF [ [ 4150.30826 -4871.6894 -4291.31861 ] [ [ 10079365.03501 -226284.23515 -1633181.75793 ] [ -226284.23515 4888780.36367 -1454580.63882 ] [ -1633181.75793 -1454580.63882 13136152.49119 ] ] ]

State
Pi 0.260808
A 0 0.001348 0.841826 0.0064 0.006537 0.143888 
MultiGaussianOPDF [ [ -1193.36739 -14401.50935 -7039.27665 ] [ [ 30385387.37287 4803266.29813 4175531.66497 ] [ 4803266.29813 23330616.56856 -6131001.51236 ] [ 4175531.66497 -6131001.51236 41665177.5532 ] ] ]

State
Pi 0
A 0 0.013849 0.002428 0.983723 0 0 
MultiGaussianOPDF [ [ -5914.26377 207.80208 2858.35699 ] [ [ 12730972.38239 1812855.75466 2155299.41494 ] [ 1812855.75466 7306589.6073 1219350.54821 ] [ 2155299.41494 1219350.54821 4796895.44724 ] ] ]

State
Pi 0.026274
A 0.016686 0 0 0.04686 0.916128 0.020327 
MultiGaussianOPDF [ [ -3829.30542 -2821.20486 -10986.41786 ] [ [ 29439177.10769 -518893.31564 -4169545.30108 ] [ -518893.31564 7575654.42055 -2152084.12793 ] [ -4169545.30108 -2152084.12793 14456532.66292 ] ] ]

State
Pi 0.010761
A 0.171439 0 0 0.000001 0 0.82856 
MultiGaussianOPDF [ [ -17631.78569 -14554.7483 -16552.18518 ] [ [ 82973559.88574 13776590.99126 -25069479.46785 ] [ 13776590.99126 60866603.04422 -11453722.92596 ] [ -25069479.46785 -11453722.92596 92874803.10055 ] ] ]

RIGHT_JAB -1685.5713171063446 -237.74981572316295 1 
Hmm v1.0

NbStates 6

State
Pi 0
A 0.782766 0.02674 0.189153 0 0.001341 0 
MultiGaussianOPDF [ [ -19279.06737 -3839.47824 3475.30008 ] [ [ 107581258.25662 50218159.90226 -58787812.28553 ] [ 50218159.90226 126464865.51486 -33869738.37645 ] [ -58787812.28553 -33869738.37645 86928898.15826 ] ] ]

State
Pi 0.147973
A 0.167219 0.790592 0.022089 0.002094 0.015254 0.002752 
MultiGaussianOPDF [ [ 7853.45915 10633.99524 -639.73169 ] [ [ 35293258.76587 1418955.1362 2086184.26309 ] [ 1418955.1362 26140350.22476 -8479874.012 ] [ 2086184.26309 -8479874.012 13324053.54396 ] ] ]

State
Pi 0
A 0.043632 0.003632 0.878441 0.000251 0.073637 0.000407 
MultiGaussianOPDF [ [ -2818.403 106.32076 1146.30577 ] [ [ 47869978.51394 2241190.09597 -25423959.09992 ] [ 2241190.09597 19071741.85678 -431661.83672 ] [ -25423959.09992 -431661.83672 21658276.96162 ] ] ]

State
Pi 0.53359
A 0 0 0.029636 0.865035 0.00051 0.104818 
MultiGaussianOPDF [ [ 5031.6258 -3048.90024 192.86442 ] [ [ 5311068.49421 -1966015.06848 -963931.5043 ] [ -1966015.06848 3605639.62045 3259061.97071 ] [ -963931.5043 3259061.97071 8359649.81622 ] ] ]

State
Pi 0.015209
A 0 0 0.008403 0.003375 0.986496 0.001726 
MultiGaussianOPDF [ [ -759.60084 -473.33265 3542.55349 ] [ [ 1076831.95997 279581.62144 110228.00621 ] [ 279581.62144 2359523.2225 -248170.55673 ] [ 110228.00621 -248170.55673 824303.25156 ] ] ]

State
Pi 0.303228
A 0 0.061865 0.131499 0.00642 0.000003 0.800213 
MultiGaussianOPDF [ [ 7582.65335 619.94945 272.82642 ] [ [ 9191630.98232 -3520682.85456 -1366294.64267 ] [ -3520682.85456 6492704.8095 124035.897 ] [ -1366294.64267 124035.897 3567277.6082 ] ] ]

RINGMASTER_RIGHT_CIRCLE -1.7976931348623157E308 -1.7976931348623157E308 0 
RIGHT_SHORYUKEN -3231.0311503438106 -651.1413049939785 1 
Hmm v1.0

NbStates 6

State
Pi 0.365087
A 0.900414 0 0.079607 0.012519 0.007459 0 
MultiGaussianOPDF [ [ 1384.21751 64.13471 -4546.28454 ] [ [ 10943477.14551 -1659903.99305 6380661.20728 ] [ -1659903.99305 20085063.6058 4701554.20411 ] [ 6380661.20728 4701554.20411 15046596.89839 ] ] ]

State
Pi 0.038947
A 0.003346 0.861993 0 0.000028 0.131185 0.003447 
MultiGaussianOPDF [ [ -19051.02553 -20174.51478 -12231.82878 ] [ [ 82545025.70486 8036978.07489 40680623.38206 ] [ 8036978.07489 66421004.1208 42766381.72899 ] [ 40680623.38206 42766381.72899 115010476.23698 ] ] ]

State
Pi 0.171642
A 0.019846 0.042669 0.797139 0 0.061837 0.078509 
MultiGaussianOPDF [ [ -8579.21132 -6234.17844 -19661.60713 ] [ [ 120191663.61775 10552782.196 47193529.96618 ] [ 10552782.196 29481332.66571 5539730.30867 ] [ 47193529.96618 5539730.30867 47458505.76662 ] ] ]

State
Pi 0.35079
A 0.102602 0 0.00023 0.882725 0.014442 0 
MultiGaussianOPDF [ [ -1478.61071 -2508.56292 -489.67866 ] [ [ 5109875.65721 958202.30981 2976291.79824 ] [ 958202.30981 5865610.988 3103207.94625 ] [ 2976291.79824 3103207.94625 9350814.42487 ] ] ]

State
Pi 0.044752
A 0.00909 0.021033 0.007057 0.130566 0.832255 0 
MultiGaussianOPDF [ [ -6978.70284 -7678.74191 -4074.4401 ] [ [ 20043491.55161 -1917577.38139 13078981.71189 ] [ -1917577.38139 23782954.22113 13151780.16237 ] [ 13078981.71189 13151780.16237 41843277.78945 ] ] ]

State
Pi 0.028781
A 0 0.047374 0.1248 0.001921 0.001237 0.824668 
MultiGaussianOPDF [ [ -24287.61998 -8584.05405 -32848.90078 ] [ [ 43411864.95757 11229030.99536 96052.72482 ] [ 11229030.99536 86104065.62165 -123349.00789 ] [ 96052.72482 -123349.00789 5907.83265 ] ] ]

RINGMASTER_LEFT_JAB -1.7976931348623157E308 -1.7976931348623157E308 0 
PSYCHO_CRUSHER -6412.727367507577 -2170.9401607350983 1 
Hmm v1.0

NbStates 9

State
Pi 0
A 0.925154 0.011089 0.001897 0.002421 0.015683 0 0.026716 0.017041 0 
MultiGaussianOPDF [ [ 668.58107 4179.24693 -3820.76895 1099.16321 1964.4993 791.64655 ] [ [ 5241581.12309 -962257.81839 1571639.88813 1030122.88763 -624036.53088 160801.05618 ] [ -962257.81839 9853902.02146 2405897.55478 -697116.75643 -265301.34921 1219774.29627 ] [ 1571639.88813 2405897.55478 9660427.23647 984973.02568 72172.60546 -226669.8417 ] [ 1030122.88763 -697116.75643 984973.02568 3576469.13501 -977035.47115 -1097359.83293 ] [ -624036.53088 -265301.34921 72172.60546 -977035.47115 4233804.82284 -535595.4218 ] [ 160801.05618 1219774.29627 -226669.8417 -1097359.83293 -535595.4218 5398694.18308 ] ] ]

State
Pi 0.11036
A 0.004538 0.905025 0 0 0 0.013235 0.002115 0.036579 0.038508 
MultiGaussianOPDF [ [ -3889.37731 576.79862 5690.67721 -2940.41919 -3226.75085 4614.69673 ] [ [ 24745614.84936 734123.42603 -7463515.59481 6184392.8747 1900475.04735 3595113.39432 ] [ 734123.42603 21867071.24795 931773.81188 -454931.66485 -1812187.61556 -441362.0027 ] [ -7463515.59481 931773.81188 28768482.51212 3531816.37871 -2798142.93264 5318969.65379 ] [ 6184392.8747 -454931.66485 3531816.37871 22059071.55422 4716552.72058 -178768.19622 ] [ 1900475.04735 -1812187.61556 -2798142.93264 4716552.72058 28364912.17889 -231722.25572 ] [ 3595113.39432 -441362.0027 5318969.65379 -178768.19622 -231722.25572 19807442.45714 ] ] ]

State
Pi 0
A 0.014681 0 0.952575 0.000803 0.007602 0 0.005465 0.001352 0.017523 
MultiGaussianOPDF [ [ 4304.60569 2439.17452 -6170.25877 3325.2802 -2297.81168 -7478.47217 ] [ [ 8848819.18179 227052.67732 -1663966.59532 -587930.86533 1276736.77689 3440704.65484 ] [ 227052.67732 25964569.40274 -3323728.42532 1738568.46504 1548191.33399 8312073.18471 ] [ -1663966.59532 -3323728.42532 35858441.7445 -1066285.92803 -251558.03859 -3576706.27192 ] [ -587930.86533 1738568.46504 -1066285.92803 8687878.56264 4657131.67246 5173504.39935 ] [ 1276736.77689 1548191.33399 -251558.03859 4657131.67246 26504419.15264 6358042.43821 ] [ 3440704.65484 8312073.18471 -3576706.27192 5173504.39935 6358042.43821 32345526.07286 ] ] ]

State
Pi 0
A 0.031163 0 0.041167 0.927573 0 0 0 0.000098 0 
MultiGaussianOPDF [ [ -3107.81722 10066.37673 -10260.67113 -4458.16273 1579.5524 3553.38775 ] [ [ 11970262.11918 2147800.80908 -4998209.51642 2643805.5837 4419627.33115 -3642376.54793 ] [ 2147800.80908 21866044.30149 -5374010.72053 -6726422.26295 6460808.90489 5477620.21562 ] [ -4998209.51642 -5374010.72053 68225347.61006 -9137878.45788 -13594729.35418 40031071.58158 ] [ 2643805.5837 -6726422.26295 -9137878.45788 19742289.76165 -2670411.3119 -21551667.4113 ] [ 4419627.33115 6460808.90489 -13594729.35418 -2670411.3119 16139990.51145 -3882305.0399 ] [ -3642376.54793 5477620.21562 40031071.58158 -21551667.4113 -3882305.0399 48642967.37014 ] ] ]

State
Pi 0.273537
A 0.004416 0.010572 0.002245 0 0.896573 0.015562 0.015522 0.051718 0.003393 
MultiGaussianOPDF [ [ 2420.86479 1297.50917 1571.01591 1947.84029 -2731.81522 983.24733 ] [ [ 3208060.74337 361475.99945 -289289.5259 1185684.11217 399002.04023 216089.6133 ] [ 361475.99945 6155146.95524 1119549.20486 922170.88394 459400.45675 -1246701.37575 ] [ -289289.5259 1119549.20486 5005716.85925 749944.78628 -489820.4999 -281458.42329 ] [ 1185684.11217 922170.88394 749944.78628 3944016.32431 894979.87293 -47727.91775 ] [ 399002.04023 459400.45675 -489820.4999 894979.87293 5442181.59117 218166.9087 ] [ 216089.6133 -1246701.37575 -281458.42329 -47727.91775 218166.9087 3304021.28081 ] ] ]

State
Pi 0.49509
A 0 0.007507 0 0 0.005326 0.923083 0.000043 0.029505 0.034537 
MultiGaussianOPDF [ [ -725.87428 540.16593 5072.61798 -142.33548 -1622.72608 4262.65485 ] [ [ 1764925.83571 234064.73585 -1123455.03061 411272.87949 561998.02903 348792.8241 ] [ 234064.73585 2564592.29752 -376360.26166 -172026.96014 506028.18318 879338.70898 ] [ -1123455.03061 -376360.26166 3270394.39923 -110202.38527 -1447723.76925 509519.49118 ] [ 411272.87949 -172026.96014 -110202.38527 1523938.0787 -84676.99292 -760805.61136 ] [ 561998.02903 506028.18318 -1447723.76925 -84676.99292 3163508.39933 477934.30941 ] [ 348792.8241 879338.70898 509519.49118 -760805.61136 477934.30941 3519916.50792 ] ] ]

State
Pi 0.009798
A 0.011363 0.001861 0.001474 0 0.043429 0 0.939958 0.000008 0.001907 
MultiGaussianOPDF [ [ 2030.40645 -1126.71387 -449.90495 1975.8472 -231.13612 -2727.16829 ] [ [ 3135571.44222 1102094.93723 -726955.9015 815448.80847 642696.62869 1237074.10942 ] [ 1102094.93723 5200719.37602 64607.60986 831792.2802 455048.15614 333807.84195 ] [ -726955.9015 64607.60986 5092101.92879 -596022.79403 -574978.61652 -1400812.73431 ] [ 815448.80847 831792.2802 -596022.79403 2728206.74379 320805.19697 1278713.70522 ] [ 642696.62869 455048.15614 -574978.61652 320805.19697 7105849.33487 972009.88289 ] [ 1237074.10942 333807.84195 -1400812.73431 1278713.70522 972009.88289 5292309.1037 ] ] ]

State
Pi 0.111215
A 0.034323 0.026165 0 0.017765 0.01273 0.039311 0 0.869703 0.000002 
MultiGaussianOPDF [ [ -666.11332 3218.12415 1893.27956 -1352.49095 -1201.42651 4815.10529 ] [ [ 5760621.74664 772237.34208 -2264574.65595 1152177.94407 -382445.10956 1124979.37632 ] [ 772237.34208 7615668.07198 715311.35387 2081556.13924 1875636.93083 -64491.05348 ] [ -2264574.65595 715311.35387 6397300.95163 1034826.53408 -285650.86984 70501.66744 ] [ 1152177.94407 2081556.13924 1034826.53408 4506919.32952 -57475.00133 -752043.76206 ] [ -382445.10956 1875636.93083 -285650.86984 -57475.00133 7661046.56524 179052.66441 ] [ 1124979.37632 -64491.05348 70501.66744 -752043.76206 179052.66441 5067892.63834 ] ] ]

State
Pi 0
A 0 0.019271 0.014424 0 0.015504 0.001596 0.049167 0.000534 0.899504 
MultiGaussianOPDF [ [ -2317.26728 -2647.48554 4607.4034 -426.32374 -6498.29448 -3207.88571 ] [ [ 6811638.01471 1759042.19181 -3121785.6023 1119443.96628 2727426.61279 3394634.47278 ] [ 1759042.19181 9347593.02466 98017.65009 739013.09049 4075889.68017 592988.88177 ] [ -3121785.6023 98017.65009 11054759.98723 837886.57373 -60881.06719 5362513.48346 ] [ 1119443.96628 739013.09049 837886.57373 5642758.52653 3452639.34156 3988111.22877 ] [ 2727426.61279 4075889.68017 -60881.06719 3452639.34156 18788756.30841 6163130.1616 ] [ 3394634.47278 592988.88177 5362513.48346 3988111.22877 6163130.1616 23059152.846 ] ] ]

SONIC_BOOM -3915.7445151014053 -853.5607872001622 1 
Hmm v1.0

NbStates 9

State
Pi 0.003793
A 0.942327 0 0 0 0.001779 0.055894 0 0 0 
MultiGaussianOPDF [ [ -19868.96877 8928.92585 -5144.20549 -28589.72482 -9665.3999 -5364.08573 ] [ [ 60244260.86855 388366.21473 4873606.8389 14609846.69455 1575474.10824 1208823.03301 ] [ 388366.21473 14056608.77623 -478710.83158 -836674.61774 -6750484.7822 -1091196.50994 ] [ 4873606.8389 -478710.83158 18665220.84539 1497097.5382 5843790.56611 6397860.71422 ] [ 14609846.69455 -836674.61774 1497097.5382 13864884.08649 1217865.77181 721008.69523 ] [ 1575474.10824 -6750484.7822 5843790.56611 1217865.77181 21108461.18311 1982753.85768 ] [ 1208823.03301 -1091196.50994 6397860.71422 721008.69523 1982753.85768 13245552.05021 ] ] ]

State
Pi 0.031588
A 0.015937 0.880031 0.003427 0.001609 0.008091 0.076797 0 0.014108 0 
MultiGaussianOPDF [ [ -11089.53209 6714.07551 -8351.09275 -7823.6709 -5992.68937 -9947.27388 ] [ [ 89162096.98766 -10045130.1496 18259238.30375 50178165.24628 10032058.16775 20874873.97371 ] [ -10045130.1496 29006468.52307 5699129.21598 7419647.14838 -27175677.15801 -1241659.63059 ] [ 18259238.30375 5699129.21598 32195653.41691 14647335.0785 -14524933.08485 20230978.24333 ] [ 50178165.24628 7419647.14838 14647335.0785 54464481.97863 87308.77741 18041913.97519 ] [ 10032058.16775 -27175677.15801 -14524933.08485 87308.77741 44732519.95233 -694426.07831 ] [ 20874873.97371 -1241659.63059 20230978.24333 18041913.97519 -694426.07831 36791155.55439 ] ] ]

State
Pi 0.103
A 0 0.027114 0.964593 0.003417 0 0 0 0.001939 0.002936 
MultiGaussianOPDF [ [ 748.08471 2559.87389 -2760.6691 2034.18973 -3035.81588 -3884.73549 ] [ [ 5746533.11097 -125350.59579 436767.65256 3692370.4532 -1889223.80138 1306010.30612 ] [ -125350.59579 2423046.90752 273890.3476 -586531.66156 -1060933.70482 -812414.47034 ] [ 436767.65256 273890.3476 5371031.06852 455140.18123 -469135.1812 4693786.66074 ] [ 3692370.4532 -586531.66156 455140.18123 8453950.40569 -1696129.29614 -651497.69351 ] [ -1889223.80138 -1060933.70482 -469135.1812 -1696129.29614 5194949.91003 1269187.14854 ] [ 1306010.30612 -812414.47034 4693786.66074 -651497.69351 1269187.14854 10574466.49877 ] ] ]

State
Pi 0.540562
A 0 0.007042 0.006302 0.861405 0.000031 0 0.000717 0.11919 0.005314 
MultiGaussianOPDF [ [ -3602.37157 4924.5616 1336.74503 -3636.20513 -5489.76148 39.43728 ] [ [ 4090614.0232 2380851.77897 831536.9575 4177698.96095 -2675787.82613 394884.71213 ] [ 2380851.77897 7376326.47863 838054.86464 3370089.82731 -5704028.45284 -859792.21085 ] [ 831536.9575 838054.86464 6340868.11983 1561462.37718 -2728525.25775 2241755.0526 ] [ 4177698.96095 3370089.82731 1561462.37718 7272405.44837 -4147977.0366 383127.3017 ] [ -2675787.82613 -5704028.45284 -2728525.25775 -4147977.0366 8740432.72391 51412.90717 ] [ 394884.71213 -859792.21085 2241755.0526 383127.3017 51412.90717 3907739.34651 ] ] ]

State
Pi 0.032703
A 0.094399 0 0 0 0.845316 0.057503 0.000139 0.002643 0 
MultiGaussianOPDF [ [ -13407.7135 8486.56338 -1602.41551 -16337.8965 -8959.69644 -2125.54196 ] [ [ 21703217.64921 61638.00902 989907.06276 9029600.13977 -3601824.68717 -478316.61127 ] [ 61638.00902 13713812.4894 -5093097.40597 -108192.80594 -9531307.09261 -4286509.5288 ] [ 989907.06276 -5093097.40597 11704234.51377 770361.65048 2287752.02862 4756983.46422 ] [ 9029600.13977 -108192.80594 770361.65048 13665549.99049 -2282086.40885 -711118.49922 ] [ -3601824.68717 -9531307.09261 2287752.02862 -2282086.40885 18459514.95949 4148191.21117 ] [ -478316.61127 -4286509.5288 4756983.46422 -711118.49922 4148191.21117 8953744.85053 ] ] ]

State
Pi 0.009646
A 0.001561 0 0 0 0.001276 0.836484 0.16068 0 0 
MultiGaussianOPDF [ [ -21529.12606 -109.89619 -943.7822 -20548.24968 824.47846 41.74086 ] [ [ 48072010.13135 -4831240.54384 20166840.67695 24047443.25832 4549807.95321 14210916.84826 ] [ -4831240.54384 34546448.41784 8157416.29129 4439476.11001 -7633173.39017 7383456.51602 ] [ 20166840.67695 8157416.29129 42722099.58556 12914584.40965 -9475473.97404 22597799.33841 ] [ 24047443.25832 4439476.11001 12914584.40965 38618737.23894 6581463.92527 11035941.38316 ] [ 4549807.95321 -7633173.39017 -9475473.97404 6581463.92527 59785143.67783 4946777.5429 ] [ 14210916.84826 7383456.51602 22597799.33841 11035941.38316 4946777.5429 33289455.74438 ] ] ]

State
Pi 0.011733
A 0 0.007195 0 0.012527 0 0 0.921353 0 0.058925 
MultiGaussianOPDF [ [ -8671.31048 -7332.33105 3107.4721 -6984.947 6428.40006 3809.98588 ] [ [ 40271127.71179 5967228.25539 3916256.02328 20901690.63721 -14228949.44152 -3403106.36765 ] [ 5967228.25539 35846899.64196 5525256.59698 6322232.73641 -12858396.19504 -4278675.61546 ] [ 3916256.02328 5525256.59698 13944171.14895 1186492.20051 -3213715.36341 1458284.92428 ] [ 20901690.63721 6322232.73641 1186492.20051 25942105.99619 -8596609.78153 -3495461.97071 ] [ -14228949.44152 -12858396.19504 -3213715.36341 -8596609.78153 27012565.12666 1055105.90935 ] [ -3403106.36765 -4278675.61546 1458284.92428 -3495461.97071 1055105.90935 9308516.32008 ] ] ]

State
Pi 0.183632
A 0 0.022991 0 0.006056 0.171257 0 0 0.799695 0 
MultiGaussianOPDF [ [ -4883.67681 9776.77191 -1907.66463 -5206.60706 -10653.67953 -2361.01866 ] [ [ 10153460.12836 1704201.40074 -650727.74402 7094657.30954 -3083166.63513 -1074934.28129 ] [ 1704201.40074 12818608.54906 573672.37319 1425498.87495 -5668234.96401 -673961.09531 ] [ -650727.74402 573672.37319 15404267.565 -501653.70635 2879659.66758 3099880.24932 ] [ 7094657.30954 1425498.87495 -501653.70635 14436618.8546 -2394267.84307 714867.40049 ] [ -3083166.63513 -5668234.96401 2879659.66758 -2394267.84307 11514148.30626 1415311.22243 ] [ -1074934.28129 -673961.09531 3099880.24932 714867.40049 1415311.22243 7115215.17718 ] ] ]

State
Pi 0.083343
A 0 0 0.00299 0.040907 0 0 0.005459 0 0.950644 
MultiGaussianOPDF [ [ -1435.98097 -716.7121 3721.47241 -1121.44853 -290.86829 3925.664 ] [ [ 4064839.88542 1726758.66427 1178215.02877 2864774.50266 -1539217.03185 28827.9225 ] [ 1726758.66427 7172760.86807 1056089.97319 383314.9041 -3523828.6873 -559104.95582 ] [ 1178215.02877 1056089.97319 2374271.52862 1079271.3081 -565501.71435 315431.40074 ] [ 2864774.50266 383314.9041 1079271.3081 3531343.83994 -367534.41109 106205.74833 ] [ -1539217.03185 -3523828.6873 -565501.71435 -367534.41109 6745549.3784 433182.7396 ] [ 28827.9225 -559104.95582 315431.40074 106205.74833 433182.7396 1197071.71768 ] ] ]

HADOUKEN -3410.6360069395664 -591.6952915507705 1 
Hmm v1.0

NbStates 9

State
Pi 0.073021
A 0.961244 0 0.000364 0 0.018177 0 0 0 0.020214 
MultiGaussianOPDF [ [ 3053.14365 -646.61745 -1455.58856 3908.94018 -943.34101 -735.22592 ] [ [ 735557.00089 -428162.09816 286354.5096 -134785.67891 -656281.88622 114720.62029 ] [ -428162.09816 5073215.80752 816422.15997 1448589.1936 4604398.492 357777.51918 ] [ 286354.5096 816422.15997 1414034.73068 249542.72969 711571.31743 251107.67118 ] [ -134785.67891 1448589.1936 249542.72969 1226548.09445 1985533.44814 -199871.14127 ] [ -656281.88622 4604398.492 711571.31743 1985533.44814 6090930.07293 226224.23107 ] [ 114720.62029 357777.51918 251107.67118 -199871.14127 226224.23107 818502.22635 ] ] ]

State
Pi 0.1463
A 0 0.931071 0 0.061156 0.00352 0.000001 0 0.004252 0 
MultiGaussianOPDF [ [ -258.35836 -1140.96489 5019.36238 4132.54421 -559.33118 -4165.85843 ] [ [ 1814362.72581 -83100.932 -38398.88589 106109.8824 -541411.60404 583172.37597 ] [ -83100.932 8503955.0762 -460792.0844 -2100800.53237 -2055307.84506 3610392.15735 ] [ -38398.88589 -460792.0844 2292896.31911 2345593.23826 -23130.52304 -148565.43227 ] [ 106109.8824 -2100800.53237 2345593.23826 6921152.90642 291177.6283 -677816.85269 ] [ -541411.60404 -2055307.84506 -23130.52304 291177.6283 2226368.00917 -1584935.37927 ] [ 583172.37597 3610392.15735 -148565.43227 -677816.85269 -1584935.37927 3841418.0728 ] ] ]

State
Pi 0.111472
A 0.000004 0 0.935906 0.00471 0.00656 0 0.00292 0.025295 0.024605 
MultiGaussianOPDF [ [ -810.71437 1303.32881 -3833.01861 51.29747 -1700.49836 3248.97814 ] [ [ 3712442.25767 -499094.47999 -621814.33446 -1917866.65435 -83361.89987 -590939.04965 ] [ -499094.47999 2973658.85128 891069.33528 811341.28687 -800372.53551 -871865.89821 ] [ -621814.33446 891069.33528 2448919.64883 765756.38797 548566.45313 -670167.59409 ] [ -1917866.65435 811341.28687 765756.38797 4244463.39656 -412014.61796 -463982.1268 ] [ -83361.89987 -800372.53551 548566.45313 -412014.61796 3896355.32646 1130078.29025 ] [ -590939.04965 -871865.89821 -670167.59409 -463982.1268 1130078.29025 2447226.41313 ] ] ]

State
Pi 0.117639
A 0 0.002981 0.003583 0.850522 0.008538 0.05672 0.041009 0.01828 0.018366 
MultiGaussianOPDF [ [ -3895.51855 2906.24197 1816.51025 927.14775 -2310.00396 -4309.11441 ] [ [ 11868154.98227 -2486704.06433 4751828.64437 6681254.11731 -19829.31655 -4177246.92762 ] [ -2486704.06433 20214457.09145 -2196803.3611 5682963.13635 -7317843.28303 -328356.20034 ] [ 4751828.64437 -2196803.3611 17693109.10129 1929257.52527 -988855.38758 -6591426.02955 ] [ 6681254.11731 5682963.13635 1929257.52527 23373252.13482 -1332747.69012 -4846558.12501 ] [ -19829.31655 -7317843.28303 -988855.38758 -1332747.69012 16600333.46847 -1944567.71311 ] [ -4177246.92762 -328356.20034 -6591426.02955 -4846558.12501 -1944567.71311 14046117.99227 ] ] ]

State
Pi 0.155711
A 0.009509 0.002043 0.012 0.0106 0.90063 0 0.003356 0.020795 0.041066 
MultiGaussianOPDF [ [ 1614.0528 3023.07894 543.40046 4003.85211 -1866.2343 -920.06796 ] [ [ 1568386.07564 294672.61328 -35791.82753 1047623.22868 938108.80039 -23642.19224 ] [ 294672.61328 4549913.07782 1481219.05498 3449053.72057 -995857.78271 -1435012.46938 ] [ -35791.82753 1481219.05498 5870326.24076 2513090.76093 -976551.40857 -286375.62988 ] [ 1047623.22868 3449053.72057 2513090.76093 8169961.46157 1937918.03911 -2342032.28268 ] [ 938108.80039 -995857.78271 -976551.40857 1937918.03911 6197452.34968 -821399.50613 ] [ -23642.19224 -1435012.46938 -286375.62988 -2342032.28268 -821399.50613 2855005.71504 ] ] ]

State
Pi 0
A 0 0 0.000005 0.054164 0 0.884121 0 0.060214 0.001496 
MultiGaussianOPDF [ [ -10756.8933 1507.52783 373.14352 -10325.04519 -1605.08059 -1877.71212 ] [ [ 82790588.23858 -6611175.93585 416789.88983 2383567.9606 18011292.41155 5330185.50283 ] [ -6611175.93585 59497157.76036 13600999.8367 7618402.06106 -6337463.42239 4285761.29449 ] [ 416789.88983 13600999.8367 65987619.16129 2816018.37876 6541876.30614 -13492441.05128 ] [ 2383567.9606 7618402.06106 2816018.37876 85950298.14509 -755585.44369 9127326.73767 ] [ 18011292.41155 -6337463.42239 6541876.30614 -755585.44369 60848758.36174 -4431638.93768 ] [ 5330185.50283 4285761.29449 -13492441.05128 9127326.73767 -4431638.93768 61829640.58466 ] ] ]

State
Pi 0.225793
A 0 0.006166 0.015476 0.038863 0.003188 0 0.913829 0.018251 0.004228 
MultiGaussianOPDF [ [ -536.22888 2012.04782 525.32723 -1005.31124 -1693.9046 -2400.15948 ] [ [ 3454923.76555 -1285620.80069 2734765.6944 599536.45282 1460439.23808 -1640269.9824 ] [ -1285620.80069 3335132.33944 -1133229.05547 -30456.66427 -1323269.06229 -4394.04531 ] [ 2734765.6944 -1133229.05547 6933571.4106 1029929.30044 2152206.99713 -2116397.41635 ] [ 599536.45282 -30456.66427 1029929.30044 1929804.36494 55796.61143 -816772.38865 ] [ 1460439.23808 -1323269.06229 2152206.99713 55796.61143 4096688.24983 -1286499.33874 ] [ -1640269.9824 -4394.04531 -2116397.41635 -816772.38865 -1286499.33874 4033145.80166 ] ] ]

State
Pi 0
A 0 0 0.033116 0.014191 0 0.100984 0.043837 0.807872 0 
MultiGaussianOPDF [ [ -829.38077 659.80266 -5158.93657 -3496.38247 -2195.44832 2907.1215 ] [ [ 13075700.71106 -1208026.26544 1068764.90103 -1789280.3746 2277864.55536 2325704.57265 ] [ -1208026.26544 13576937.82018 -1399126.06787 1618564.80482 -1267065.62229 928213.25837 ] [ 1068764.90103 -1399126.06787 28589888.2336 4231201.53386 11126530.20662 -8016464.41707 ] [ -1789280.3746 1618564.80482 4231201.53386 22151019.80226 5889296.56253 -4226394.40528 ] [ 2277864.55536 -1267065.62229 11126530.20662 5889296.56253 29128111.12481 -2855692.13514 ] [ 2325704.57265 928213.25837 -8016464.41707 -4226394.40528 -2855692.13514 13933333.39271 ] ] ]

State
Pi 0.170064
A 0.003965 0 0.004688 0 0.000902 0 0.00447 0.074221 0.911755 
MultiGaussianOPDF [ [ 4497.37415 1384.60227 -3331.77565 3753.22382 -1563.6917 682.45241 ] [ [ 6550210.09288 1938959.85506 3275249.21085 1247548.80876 3794990.77026 -1918761.62046 ] [ 1938959.85506 19660632.65507 889539.12597 -573243.02955 -5106386.79297 -1081660.19583 ] [ 3275249.21085 889539.12597 19995480.1615 -1001135.0243 3396332.18788 -12045276.95522 ] [ 1247548.80876 -573243.02955 -1001135.0243 10835003.54563 5215849.59621 -2648898.14152 ] [ 3794990.77026 -5106386.79297 3396332.18788 5215849.59621 28512094.89831 -5973305.05971 ] [ -1918761.62046 -1081660.19583 -12045276.95522 -2648898.14152 -5973305.05971 30394447.06051 ] ] ]

RINGMASTER_DRUM -1.7976931348623157E308 -1.7976931348623157E308 0 
LEFT_CHOP -2306.9685036123406 -311.23342761382054 1 
Hmm v1.0

NbStates 6

State
Pi 0.060846
A 0.978611 0 0.015239 0 0.002038 0.004112 
MultiGaussianOPDF [ [ -3423.66472 4421.39231 -1653.04688 ] [ [ 890431.61699 -430885.1444 161944.61408 ] [ -430885.1444 9204069.10106 -1629316.65756 ] [ 161944.61408 -1629316.65756 1313790.58257 ] ] ]

State
Pi 0.011508
A 0 0.857483 0 0 0.138006 0.004511 
MultiGaussianOPDF [ [ -26028.35528 -4698.56245 -4045.10101 ] [ [ 41663291.53312 -27466575.63589 4011268.31263 ] [ -27466575.63589 123768272.46323 7085433.74292 ] [ 4011268.31263 7085433.74292 42249267.25777 ] ] ]

State
Pi 0.647409
A 0.000833 0 0.854083 0.143815 0.001269 0 
MultiGaussianOPDF [ [ 308.24923 -4366.20486 421.46512 ] [ [ 3473782.40178 1861495.53078 -19919.84928 ] [ 1861495.53078 10715723.50478 -360363.26071 ] [ -19919.84928 -360363.26071 2565795.51069 ] ] ]

State
Pi 0.221528
A 0 0.140058 0.000879 0.791251 0 0.067812 
MultiGaussianOPDF [ [ -6982.09163 -10273.12745 -1624.81343 ] [ [ 19056462.51287 -1510642.56703 761171.01649 ] [ -1510642.56703 17063870.95864 641561.11016 ] [ 761171.01649 641561.11016 12304043.02278 ] ] ]

State
Pi 0.041241
A 0.027866 0.003094 0 0.000709 0.886029 0.082302 
MultiGaussianOPDF [ [ -12500.17651 16793.13483 -6510.52964 ] [ [ 105392709.71711 -23549791.1894 25062582.62167 ] [ -23549791.1894 46764042.6358 -2600851.56635 ] [ 25062582.62167 -2600851.56635 57559729.84631 ] ] ]

State
Pi 0.017468
A 0.070424 0.0016 0.001447 0.013569 0.026029 0.886931 
MultiGaussianOPDF [ [ -10425.59087 5984.78597 -3928.3185 ] [ [ 19997887.34705 2024501.83928 4691699.01347 ] [ 2024501.83928 27885757.18788 -4927512.32062 ] [ 4691699.01347 -4927512.32062 8474015.27238 ] ] ]

TWO_HANDED_ONE_HUNDRED_HAND_SLAP -8604.180342952042 -2256.8085343682587 1 
Hmm v1.0

NbStates 9

State
Pi 0.052509
A 0.786949 0.05284 0.003272 0 0.114936 0 0 0 0.042004 
MultiGaussianOPDF [ [ -9916.85389 -6119.17333 -14812.23397 -4416.39149 -11472.51908 19748.15582 ] [ [ 79490829.41845 -27021709.23968 -18170213.87967 -37416359.29086 4076506.88924 -13381553.92158 ] [ -27021709.23968 35560950.03904 18017906.95691 11157971.64935 -966225.57838 -3114906.59521 ] [ -18170213.87967 18017906.95691 79699314.32509 5084935.5158 4714469.4454 -2517157.27638 ] [ -37416359.29086 11157971.64935 5084935.5158 71546733.42226 -15399351.39482 15715751.0202 ] [ 4076506.88924 -966225.57838 4714469.4454 -15399351.39482 54178519.29794 -13970958.69365 ] [ -13381553.92158 -3114906.59521 -2517157.27638 15715751.0202 -13970958.69365 44878774.2097 ] ] ]

State
Pi 0.181446
A 0.010544 0.762892 0.015697 0.118094 0.091223 0 0 0 0.00155 
MultiGaussianOPDF [ [ -2761.26184 -3683.38595 -12025.11362 -6443.33913 -4961.52814 11290.40641 ] [ [ 9449083.68333 -2881849.37772 -5052128.34718 1705094.57216 -1540593.79981 876415.6153 ] [ -2881849.37772 9606153.60345 977380.57181 269902.10779 1024506.76619 1538337.61147 ] [ -5052128.34718 977380.57181 36101127.80222 -268802.11791 4700113.91871 -18285980.46487 ] [ 1705094.57216 269902.10779 -268802.11791 8634367.09506 950869.17079 2974839.0628 ] [ -1540593.79981 1024506.76619 4700113.91871 950869.17079 14275791.58709 -12819809.1088 ] [ 876415.6153 1538337.61147 -18285980.46487 2974839.0628 -12819809.1088 39952722.44348 ] ] ]

State
Pi 0.029781
A 0.011488 0.159543 0.78257 0.026249 0 0 0.006084 0 0.014067 
MultiGaussianOPDF [ [ -3721.47921 -713.25904 -2735.69431 -3259.99202 -5605.43814 17017.22415 ] [ [ 7409706.54383 -704331.37781 518820.15651 2247738.37973 3864082.9907 -4431690.55109 ] [ -704331.37781 8024843.24444 15059273.0247 -386600.66392 -993826.12062 -3547544.31311 ] [ 518820.15651 15059273.0247 53987807.48336 -1679595.59654 -3798285.35199 -13187994.9782 ] [ 2247738.37973 -386600.66392 -1679595.59654 11004611.49564 176372.80576 -179435.56035 ] [ 3864082.9907 -993826.12062 -3798285.35199 176372.80576 27592968.50108 -827799.69884 ] [ -4431690.55109 -3547544.31311 -13187994.9782 -179435.56035 -827799.69884 17539493.35645 ] ] ]

State
Pi 0.497852
A 0.004239 0.027365 0.08608 0.659779 0.055277 0.106493 0.039975 0.000013 0.020778 
MultiGaussianOPDF [ [ -4127.42419 513.99785 2028.30117 -5542.56843 -1754.44469 2602.20686 ] [ [ 16842410.90069 -4192090.11612 -2948631.82999 12832462.54575 5077192.45582 -5119224.14647 ] [ -4192090.11612 9487874.93599 6998936.15856 -37202.81106 -3737100.02404 1590340.38992 ] [ -2948631.82999 6998936.15856 19597303.59264 -720895.80738 -1211021.66516 2271199.94765 ] [ 12832462.54575 -37202.81106 -720895.80738 18767584.39542 4134494.56264 -5523482.83403 ] [ 5077192.45582 -3737100.02404 -1211021.66516 4134494.56264 13654919.9838 -11198329.94776 ] [ -5119224.14647 1590340.38992 2271199.94765 -5523482.83403 -11198329.94776 21262815.60871 ] ] ]

State
Pi 0.022602
A 0 0.029762 0.000003 0.021234 0.747465 0.027609 0.019798 0.154129 0 
MultiGaussianOPDF [ [ -7658.15105 -3187.42071 -3622.15242 -6867.38934 3302.73985 -7378.88875 ] [ [ 41298767.30903 -8823759.85383 -35333053.04773 5713141.70564 2161574.09328 -8666169.70501 ] [ -8823759.85383 19283996.7407 27210285.67372 2476137.77367 3543233.55631 -7441549.80141 ] [ -35333053.04773 27210285.67372 96799879.83839 -4770691.73157 1414164.08796 4260257.75187 ] [ 5713141.70564 2476137.77367 -4770691.73157 20721946.32896 6192640.51435 -20899024.13379 ] [ 2161574.09328 3543233.55631 1414164.08796 6192640.51435 23613698.86728 -35635326.0497 ] [ -8666169.70501 -7441549.80141 4260257.75187 -20899024.13379 -35635326.0497 97601823.58289 ] ] ]

State
Pi 0.137455
A 0 0.00002 0 0.074145 0.007447 0.829145 0.086448 0.000833 0.001963 
MultiGaussianOPDF [ [ -2763.46592 2243.37583 11627.55966 -2728.77393 3838.39936 -9292.68952 ] [ [ 5046030.3355 -1948788.30515 318754.93976 -827251.4125 -892477.87878 1152890.22124 ] [ -1948788.30515 11537165.01867 4665136.52203 724897.85892 913905.28521 222382.62735 ] [ 318754.93976 4665136.52203 26826236.20563 1322415.56253 -1965782.72507 -8203478.63111 ] [ -827251.4125 724897.85892 1322415.56253 6037158.47318 110652.94835 331292.71385 ] [ -892477.87878 913905.28521 -1965782.72507 110652.94835 10853076.90812 -4506312.38118 ] [ 1152890.22124 222382.62735 -8203478.63111 331292.71385 -4506312.38118 26295868.76046 ] ] ]

State
Pi 0
A 0 0 0.000663 0.026381 0 0.028602 0.714452 0.028181 0.201721 
MultiGaussianOPDF [ [ -4349.23984 2410.75177 16733.79306 -6836.35843 2847.88025 -3233.93973 ] [ [ 23699119.60949 -362843.99387 4906158.2788 593490.58442 5890662.9249 -1803444.24012 ] [ -362843.99387 15685599.1156 875383.88225 -841915.2571 -1136567.3335 2046950.84607 ] [ 4906158.2788 875383.88225 20042071.8455 3079264.44212 5262117.12409 -9388003.57908 ] [ 593490.58442 -841915.2571 3079264.44212 8522092.29164 1144224.32824 -2006081.36746 ] [ 5890662.9249 -1136567.3335 5262117.12409 1144224.32824 21881975.33378 -28455823.29809 ] [ -1803444.24012 2046950.84607 -9388003.57908 -2006081.36746 -28455823.29809 52324940.22302 ] ] ]

State
Pi 0.019494
A 0 0 0 0 0.016221 0.000892 0.151764 0.764132 0.066991 
MultiGaussianOPDF [ [ -6835.89264 3879.66922 20041.1677 -8548.90569 8316.21191 -17374.15977 ] [ [ 47617150.95252 3228398.0868 18546465.3095 -37690940.48942 -4439581.29624 5216478.7589 ] [ 3228398.0868 37894471.41479 12231838.6919 -6214802.92914 5728820.46513 -515946.19079 ] [ 18546465.3095 12231838.6919 34538681.50131 -14813302.31088 -332026.57464 -4137134.23448 ] [ -37690940.48942 -6214802.92914 -14813302.31088 73759404.80145 7659295.12166 -13752476.23236 ] [ -4439581.29624 5728820.46513 -332026.57464 7659295.12166 22524238.0967 -12159957.31598 ] [ 5216478.7589 -515946.19079 -4137134.23448 -13752476.23236 -12159957.31598 64257219.81148 ] ] ]

State
Pi 0.05886
A 0.081963 0 0.130491 0.024507 0 0 0.021185 0.022008 0.719848 
MultiGaussianOPDF [ [ -5726.77755 2227.51634 11749.23964 -8500.87949 -7052.9937 14612.39027 ] [ [ 27783772.22677 195074.56561 8257137.31436 11753701.21365 5123570.83649 -4485395.45265 ] [ 195074.56561 15842659.45613 5219048.27722 963248.04534 -3295961.2592 -3484694.48153 ] [ 8257137.31436 5219048.27722 54583643.85377 7935305.58209 6060795.52064 14144874.79239 ] [ 11753701.21365 963248.04534 7935305.58209 63365782.4248 -10916032.969 15805352.56747 ] [ 5123570.83649 -3295961.2592 6060795.52064 -10916032.969 44236135.11902 -17701546.71923 ] [ -4485395.45265 -3484694.48153 14144874.79239 15805352.56747 -17701546.71923 68936692.50878 ] ] ]

LEFT_SHORYUKEN -3207.7550228156774 -624.8988481234258 1 
Hmm v1.0

NbStates 6

State
Pi 0.447717
A 0.883548 0.02387 0.061413 0.014759 0.016409 0 
MultiGaussianOPDF [ [ 2412.22802 2295.33473 -4551.91253 ] [ [ 6949384.00572 -2809109.42925 5304005.32394 ] [ -2809109.42925 29027111.60023 -2291366.78091 ] [ 5304005.32394 -2291366.78091 30495947.19578 ] ] ]

State
Pi 0.362616
A 0.079509 0.899107 0 0 0.021384 0 
MultiGaussianOPDF [ [ -1809.26883 1287.12801 -1661.03415 ] [ [ 3643476.22528 -88078.08648 893609.264 ] [ -88078.08648 3525014.09171 -613851.46681 ] [ 893609.264 -613851.46681 9686802.36472 ] ] ]

State
Pi 0.070856
A 0.035864 0 0.839466 0.072948 0.035221 0.0165 
MultiGaussianOPDF [ [ 464.79071 9297.53554 -22314.02503 ] [ [ 57821927.5536 -12848061.88584 52196422.87662 ] [ -12848061.88584 53010820.07523 -16340011.08648 ] [ 52196422.87662 -16340011.08648 86741416.91235 ] ] ]

State
Pi 0
A 0.005763 0 0.001793 0.897286 0.073364 0.021794 
MultiGaussianOPDF [ [ -16282.45949 -836.58066 -27286.77978 ] [ [ 57880704.63052 -16321811.43233 23612705.79744 ] [ -16321811.43233 74498219.40609 -9743259.84723 ] [ 23612705.79744 -9743259.84723 34300906.70137 ] ] ]

State
Pi 0.058329
A 0.01659 0.075432 0 0.001418 0.877527 0.029033 
MultiGaussianOPDF [ [ -7473.3515 5537.30226 -5052.79836 ] [ [ 10960908.65 -5094325.23973 11573271.02265 ] [ -5094325.23973 53748169.87066 -19100922.64924 ] [ 11573271.02265 -19100922.64924 60778194.26111 ] ] ]

State
Pi 0.060482
A 0 0 0 0.001142 0.084332 0.914526 
MultiGaussianOPDF [ [ -21171.98789 13951.68427 -11442.46483 ] [ [ 49900209.84931 -39287759.54505 58003834.6159 ] [ -39287759.54505 108822546.52485 -80677311.97308 ] [ 58003834.6159 -80677311.97308 163053687.51957 ] ] ]

RINGMASTER_ERUPTION -1.7976931348623157E308 -1.7976931348623157E308 0 
LEFT_JAB -1985.5075358246272 -249.72833993150596 1 
Hmm v1.0

NbStates 6

State
Pi 0.498545
A 0.879573 0.000608 0.085014 0.000113 0.034693 0 
