36
RINGMASTER_ERUPTION -1.7976931348623157E308 -1.7976931348623157E308 0 
LEFT_HOOK -2151.992338067142 -300.3136716446381 1 
Hmm v1.0

NbStates 6

State
Pi 0
A 0.868758 0 0.11038 0.020863 0 0 
MultiGaussianOPDF [ [ -13668.78796 -4170.83971 1836.97518 ] [ [ 59926088.14124 994405.23478 -10999591.09037 ] [ 994405.23478 30786338.23247 -2158268.74808 ] [ -10999591.09037 -2158268.74808 26701126.89837 ] ] ]

State
Pi 0.199281
A 0.017776 0.888466 0.006338 0.019433 0 0.067987 
MultiGaussianOPDF [ [ 646.74594 7374.84502 -11480.29962 ] [ [ 24873820.46056 6235225.88726 5236166.98432 ] [ 6235225.88726 18033607.79359 5498272.1509 ] [ 5236166.98432 5498272.1509 18735998.18567 ] ] ]

State
Pi 0.023726
A 0.000526 0.006342 0.987582 0.000912 0.004638 0 
MultiGaussianOPDF [ [ -3456.35268 734.37896 1887.55438 ] [ [ 8170518.37378 -2792572.96889 5638229.12596 ] [ -2792572.96889 7616679.00885 -4361300.57511 ] [ 5638229.12596 -4361300.57511 8195088.41325 ] ] ]

State
Pi 0.10376
A 0.049832 0 0.005379 0.917584 0.00237 0.024834 
MultiGaussianOPDF [ [ -5642.62958 16776.83473 -1194.75611 ] [ [ 103727079.00871 -30732591.6404 10013944.27813 ] [ -30732591.6404 50612345.52316 -21373788.691 ] [ 10013944.27813 -21373788.691 51113713.43269 ] ] ]

State
Pi 0.673234
A 0 0.051578 0.01653 0.031853 0.900039 0 
MultiGaussianOPDF [ [ 4125.81599 3878.8646 -2748.96996 ] [ [ 9477915.86888 2732263.84271 86370.32304 ] [ 2732263.84271 10042785.34703 7317173.9869 ] [ 86370.32304 7317173.9869 18769485.67026 ] ] ]

State
Pi 0
A 0.122261 0 0 0 0 0.877739 
MultiGaussianOPDF [ [ -19145.01774 6203.9054 -18571.899 ] [ [ 95177164.48968 -13646361.29003 -2413664.79848 ] [ -13646361.29003 81689335.00953 -16640104.03371 ] [ -2413664.79848 -16640104.03371 54709624.38799 ] ] ]

RINGMASTER_DRUM -1.7976931348623157E308 -1.7976931348623157E308 0 
LEFT_SHORYUKEN -3207.7550228156774 -624.8988481234258 1 
Hmm v1.0

NbStates 6

State
Pi 0.447717
A 0.883548 0.02387 0.061413 0.014759 0.016409 0 
MultiGaussianOPDF [ [ 2412.22802 2295.33473 -4551.91253 ] [ [ 6949384.00572 -2809109.42925 5304005.32394 ] [ -2809109.42925 29027111.60023 -2291366.78091 ] [ 5304005.32394 -2291366.78091 30495947.19578 ] ] ]

State
Pi 0.362616
A 0.079509 0.899107 0 0 0.021384 0 
MultiGaussianOPDF [ [ -1809.26883 1287.12801 -1661.03415 ] [ [ 3643476.22528 -88078.08648 893609.264 ] [ -88078.08648 3525014.09171 -613851.46681 ] [ 893609.264 -613851.46681 9686802.36472 ] ] ]

State
Pi 0.070856
A 0.035864 0 0.839466 0.072948 0.035221 0.0165 
MultiGaussianOPDF [ [ 464.79071 9297.53554 -22314.02503 ] [ [ 57821927.5536 -12848061.88584 52196422.87662 ] [ -12848061.88584 53010820.07523 -16340011.08648 ] [ 52196422.87662 -16340011.08648 86741416.91235 ] ] ]

State
Pi 0
A 0.005763 0 0.001793 0.897286 0.073364 0.021794 
MultiGaussianOPDF [ [ -16282.45949 -836.58066 -27286.77978 ] [ [ 57880704.63052 -16321811.43233 23612705.79744 ] [ -16321811.43233 74498219.40609 -9743259.84723 ] [ 23612705.79744 -9743259.84723 34300906.70137 ] ] ]

State
Pi 0.058329
A 0.01659 0.075432 0 0.001418 0.877527 0.029033 
MultiGaussianOPDF [ [ -7473.3515 5537.30226 -5052.79836 ] [ [ 10960908.65 -5094325.23973 11573271.02265 ] [ -5094325.23973 53748169.87066 -19100922.64924 ] [ 11573271.02265 -19100922.64924 60778194.26111 ] ] ]

State
Pi 0.060482
A 0 0 0 0.001142 0.084332 0.914526 
MultiGaussianOPDF [ [ -21171.98789 13951.68427 -11442.46483 ] [ [ 49900209.84931 -39287759.54505 58003834.6159 ] [ -39287759.54505 108822546.52485 -80677311.97308 ] [ 58003834.6159 -80677311.97308 163053687.51957 ] ] ]

RINGMASTER_RIGHT_HALF_RING -1.7976931348623157E308 -1.7976931348623157E308 0 
HADOUKEN -3391.9533194202368 -583.7178487502595 1 
Hmm v1.0

NbStates 9

State
Pi 0.087095
A 0.963003 0 0.002938 0.000003 0.023325 0 0 0 0.010732 
MultiGaussianOPDF [ [ 2985.04863 -486.69374 -1359.04751 3817.7426 -975.12877 -728.24653 ] [ [ 811097.73804 -411050.65308 162593.97609 25038.0583 -568285.12 64616.02514 ] [ -411050.65308 5354612.4313 1075938.13535 1452128.72125 4640715.32738 296380.80947 ] [ 162593.97609 1075938.13535 1569058.26427 216681.44803 912250.63444 261180.74362 ] [ 25038.0583 1452128.72125 216681.44803 1620077.44141 2262636.56251 -383484.63561 ] [ -568285.12 4640715.32738 912250.63444 2262636.56251 6557216.69251 110821.93193 ] [ 64616.02514 296380.80947 261180.74362 -383484.63561 110821.93193 994725.53494 ] ] ]

State
Pi 0.0495
A 0 0.907973 0 0 0 0.089028 0 0.002999 0 
MultiGaussianOPDF [ [ -11813.74484 -3934.51315 4074.7461 -2387.17232 -3868.35593 -18461.88678 ] [ [ 33717940.09799 3132692.95889 -4126211.41694 35056639.45072 -7281136.18159 18603457.70267 ] [ 3132692.95889 22891727.13855 -1539958.56543 -15136796.41352 -714172.09852 23990297.58593 ] [ -4126211.41694 -1539958.56543 9480807.76954 -11078139.61449 432048.29038 -815666.34075 ] [ 35056639.45072 -15136796.41352 -11078139.61449 104794810.98749 -15613470.44043 -10879229.33278 ] [ -7281136.18159 -714172.09852 432048.29038 -15613470.44043 12528608.61571 -5901652.68785 ] [ 18603457.70267 23990297.58593 -815666.34075 -10879229.33278 -5901652.68785 51023513.90173 ] ] ]

State
Pi 0.107433
A 0 0 0.937438 0.006959 0.008976 0.002248 0 0.000022 0.044356 
MultiGaussianOPDF [ [ -700.61736 1470.55726 -3503.83096 190.66884 -1614.33954 3097.3116 ] [ [ 3954088.58661 -276458.01284 -43131.00117 -1661831.76671 -185596.01599 -1146177.10058 ] [ -276458.01284 2735081.29879 777876.94278 799302.69786 -1188625.49075 -1077338.79038 ] [ -43131.00117 777876.94278 2098262.05599 820539.13375 -274748.24462 -1009550.72198 ] [ -1661831.76671 799302.69786 820539.13375 3773607.76908 -765529.77249 -629161.06818 ] [ -185596.01599 -1188625.49075 -274748.24462 -765529.77249 3441899.12092 1437163.66038 ] [ -1146177.10058 -1077338.79038 -1009550.72198 -629161.06818 1437163.66038 2841572.89145 ] ] ]

State
Pi 0.251942
A 0.001304 0.000793 0.026778 0.879366 0.027735 0.001779 0.024519 0.020829 0.016897 
MultiGaussianOPDF [ [ -1893.81594 2567.93105 -464.95164 -704.65682 -2825.03057 -1413.09243 ] [ [ 4169045.2564 -1679960.94701 -964292.4514 431797.01523 1489911.42999 1176197.67375 ] [ -1679960.94701 5893668.61082 1646994.7284 1079274.40334 -3698121.85686 -2393882.69313 ] [ -964292.4514 1646994.7284 6833350.46501 2594534.8732 -1708056.87476 -919337.2278 ] [ 431797.01523 1079274.40334 2594534.8732 4107171.67849 -1417263.98787 -1495332.23174 ] [ 1489911.42999 -3698121.85686 -1708056.87476 -1417263.98787 8527325.86747 2449569.90097 ] [ 1176197.67375 -2393882.69313 -919337.2278 -1495332.23174 2449569.90097 5598974.34648 ] ] ]

State
Pi 0.183347
A 0.003914 0 0.005298 0.01686 0.884875 0.0125 0.002729 0.069426 0.004398 
MultiGaussianOPDF [ [ 932.85007 3347.89352 -77.27095 5326.09788 -2069.81277 -2677.54634 ] [ [ 13331217.94476 -5268882.97452 1660546.61978 1254623.92737 -343138.38452 1555964.77618 ] [ -5268882.97452 13817742.32066 2184763.75977 1066720.40287 -67062.97292 -1923442.34489 ] [ 1660546.61978 2184763.75977 14886192.13596 2299032.41093 -1240952.26239 -66046.84873 ] [ 1254623.92737 1066720.40287 2299032.41093 5360296.4895 1664101.07868 247104.38245 ] [ -343138.38452 -67062.97292 -1240952.26239 1664101.07868 10309016.3017 -1243274.02672 ] [ 1555964.77618 -1923442.34489 -66046.84873 247104.38245 -1243274.02672 9847465.0662 ] ] ]

State
Pi 0.010819
A 0 0 0 0.048142 0 0.873872 0 0.076061 0.001925 
MultiGaussianOPDF [ [ -12084.96919 3664.43942 -3223.56931 -8663.55544 -2625.42322 1094.03899 ] [ [ 75365103.25188 15567614.14292 -28718704.95218 24619083.00803 3509728.07074 22198085.16162 ] [ 15567614.14292 45392394.90035 10371068.27409 2984839.92159 -2084353.54803 -989276.32834 ] [ -28718704.95218 10371068.27409 90938572.67276 -6025366.4716 6053947.20575 -24265988.55268 ] [ 24619083.00803 2984839.92159 -6025366.4716 68129740.08935 1521074.956 9967343.98061 ] [ 3509728.07074 -2084353.54803 6053947.20575 1521074.956 43130309.32371 -2497999.92788 ] [ 22198085.16162 -989276.32834 -24265988.55268 9967343.98061 -2497999.92788 37553045.37585 ] ] ]

State
Pi 0.185491
A 0 0 0 0.000397 0.009964 0 0.942064 0.047575 0 
MultiGaussianOPDF [ [ 239.20073 -74.79927 4100.31787 2137.74721 -605.18596 -3947.63099 ] [ [ 2045471.55729 378801.04384 -630973.055 -1195951.12281 -298629.69102 401691.52617 ] [ 378801.04384 7578625.41838 -1868105.41736 -3745833.24805 -1212396.17498 2249497.25069 ] [ -630973.055 -1868105.41736 3276685.24607 3909683.56971 28145.12293 -715305.73496 ] [ -1195951.12281 -3745833.24805 3909683.56971 9811218.2318 -214835.34021 -1139359.45521 ] [ -298629.69102 -1212396.17498 28145.12293 -214835.34021 2057183.1533 -1123112.207 ] [ 401691.52617 2249497.25069 -715305.73496 -1139359.45521 -1123112.207 3393129.32202 ] ] ]

State
Pi 0
A 0 0.009695 0.002678 0.04682 0 0.082552 0.016555 0.841698 0.000002 
MultiGaussianOPDF [ [ -502.09702 -407.09095 1938.41484 -3231.99108 1306.56598 -3501.93355 ] [ [ 31585164.95147 1807522.47107 -7254991.76617 11840814.11271 9947096.19498 3023816.95783 ] [ 1807522.47107 33126692.04296 3518052.46751 10130703.17387 -3122262.19099 -1975290.17494 ] [ -7254991.76617 3518052.46751 27111197.61089 3632310.16024 -6484733.97493 -10063894.82572 ] [ 11840814.11271 10130703.17387 3632310.16024 78956380.04956 6284080.71528 -11338759.78564 ] [ 9947096.19498 -3122262.19099 -6484733.97493 6284080.71528 41834784.2709 1895711.72447 ] [ 3023816.95783 -1975290.17494 -10063894.82572 -11338759.78564 1895711.72447 41356241.56871 ] ] ]

State
Pi 0.124374
A 0.002026 0 0.007323 0.001367 0.013189 0.027412 0 0.0381 0.910583 
MultiGaussianOPDF [ [ 2193.76744 1531.87691 -6611.00715 5.99836 -3909.68153 4189.61113 ] [ [ 10972067.12022 2353163.26914 3832190.38006 4002804.66465 2478174.33609 2012973.52902 ] [ 2353163.26914 14619185.02798 470211.5906 307883.82981 -4652034.69113 -280374.20374 ] [ 3832190.38006 470211.5906 13672419.60699 3855850.79485 2822885.29911 -2961289.47575 ] [ 4002804.66465 307883.82981 3855850.79485 20950140.03946 7419077.92674 42955.73391 ] [ 2478174.33609 -4652034.69113 2822885.29911 7419077.92674 16559963.1294 1388417.68542 ] [ 2012973.52902 -280374.20374 -2961289.47575 42955.73391 1388417.68542 9372202.51914 ] ] ]

RIGHT_CHOP -2285.107450188679 -235.44205419920206 1 
Hmm v1.0

NbStates 6

State
Pi 0.070424
A 0.979829 0.012261 0.006508 0 0 0.001402 
MultiGaussianOPDF [ [ -4162.49869 -6367.27853 -2757.11924 ] [ [ 5529134.56363 1246964.41095 841158.38123 ] [ 1246964.41095 13805308.03733 3550133.82095 ] [ 841158.38123 3550133.82095 3663411.35129 ] ] ]

State
Pi 0.482395
A 0.003864 0.875636 0.1205 0 0 0 
MultiGaussianOPDF [ [ -190.5943 5362.18196 1451.93498 ] [ [ 5454375.13293 -3674160.19428 -679975.48399 ] [ -3674160.19428 8373822.36136 1778765.17533 ] [ -679975.48399 1778765.17533 1458615.5241 ] ] ]

State
Pi 0.325657
A 0.012246 0.003482 0.816594 0.076825 0.090853 0 
MultiGaussianOPDF [ [ -7506.64436 8392.03209 -952.72966 ] [ [ 23330079.18613 2875645.40551 -944338.53795 ] [ 2875645.40551 33253485.22978 4509580.98074 ] [ -944338.53795 4509580.98074 6170698.14777 ] ] ]

State
Pi 0.07894
A 0.000317 0 0 0.716855 0.278766 0.004062 
MultiGaussianOPDF [ [ -21594.34039 22732.86519 -6930.35227 ] [ [ 78434771.95453 -6285674.07058 32804674.90858 ] [ -6285674.07058 50125441.14845 -8977320.62956 ] [ 32804674.90858 -8977320.62956 71058818.14713 ] ] ]

State
Pi 0.002975
A 0 0 0 0 0.710602 0.289398 
MultiGaussianOPDF [ [ -27699.06693 -2636.30226 -4116.1555 ] [ [ 30166538.52937 5915244.51769 5409021.5033 ] [ 5915244.51769 127431754.74163 -1619435.75384 ] [ 5409021.5033 -1619435.75384 56938687.00133 ] ] ]

State
Pi 0.039609
A 0.106017 0 0.009302 0 0 0.884682 
MultiGaussianOPDF [ [ -12757.35283 -20353.04693 -6921.32554 ] [ [ 110630759.27094 52502551.56235 35987375.36791 ] [ 52502551.56235 69855141.13749 21659811.7551 ] [ 35987375.36791 21659811.7551 58874386.59011 ] ] ]

SUMO_HEADBUTT -3951.003961174346 -754.3648057515156 1 
Hmm v1.0

NbStates 9

State
Pi 0
A 0.712157 0.282063 0 0.004844 0 0 0.000936 0 0 
MultiGaussianOPDF [ [ -19406.51186 5352.87684 5082.8468 -18516.46194 -6300.94362 5221.21328 ] [ [ 145095167.77862 -5407917.18477 -81338071.47325 24260968.83682 -12730052.79412 -32154675.38279 ] [ -5407917.18477 133590094.52489 13651969.10175 14253083.87942 -5413072.39172 9035088.60072 ] [ -81338071.47325 13651969.10175 134818061.06419 -14577089.43728 -9098022.60745 29519625.06502 ] [ 24260968.83682 14253083.87942 -14577089.43728 158990636.46513 1048115.08033 -106173128.16812 ] [ -12730052.79412 -5413072.39172 -9098022.60745 1048115.08033 133838290.87726 -5660584.07519 ] [ -32154675.38279 9035088.60072 29519625.06502 -106173128.16812 -5660584.07519 161879234.6955 ] ] ]

State
Pi 0
A 0.023524 0.715543 0.002125 0.001124 0.000122 0 0.257562 0 0 
MultiGaussianOPDF [ [ -8167.90594 1023.1408 3122.20012 -5369.36687 703.77619 3081.03686 ] [ [ 47361837.95066 -10754372.25488 -30273637.35828 12156083.57722 3435486.80126 -1410425.88765 ] [ -10754372.25488 76847575.83276 15854828.83793 -4508007.56076 -19285169.33895 6859296.22298 ] [ -30273637.35828 15854828.83793 58531890.29572 -5681925.96911 -12436726.64858 12339448.59413 ] [ 12156083.57722 -4508007.56076 -5681925.96911 33421396.44957 7049512.70716 -19129165.45728 ] [ 3435486.80126 -19285169.33895 -12436726.64858 7049512.70716 53883357.12388 -10862280.41334 ] [ -1410425.88765 6859296.22298 12339448.59413 -19129165.45728 -10862280.41334 35703956.56429 ] ] ]

State
Pi 0.000682
A 0 0 0.981676 0.010064 0 0.000038 0.00737 0.000853 0 
MultiGaussianOPDF [ [ -1442.94956 -585.19106 5037.10575 -1324.85126 -427.96847 4998.20813 ] [ [ 1280769.02763 -458768.20437 -159659.59467 850515.08755 49276.90084 108608.92049 ] [ -458768.20437 6072349.01826 430982.41818 -470050.70467 -2383611.375 -451631.20442 ] [ -159659.59467 430982.41818 2867369.9358 80784.36297 -909902.95528 1516247.2769 ] [ 850515.08755 -470050.70467 80784.36297 1533914.09311 374504.42548 33981.73988 ] [ 49276.90084 -2383611.375 -909902.95528 374504.42548 4049449.2482 -72321.96392 ] [ 108608.92049 -451631.20442 1516247.2769 33981.73988 -72321.96392 2730203.90325 ] ] ]

State
Pi 0.157635
A 0.000465 0.033793 0.005347 0.889612 0.000041 0.015065 0.03877 0.016908 0 
MultiGaussianOPDF [ [ -5014.95783 4051.83296 -667.11975 -5131.39761 -3864.30653 -1191.78593 ] [ [ 29554187.23105 3654750.7634 -3342925.77519 27047669.87626 -2928557.4202 -2362858.73399 ] [ 3654750.7634 21702969.8295 -5437188.90233 -305355.36905 -15201010.60506 -9423268.49476 ] [ -3342925.77519 -5437188.90233 7582534.00656 -2151004.72943 2638842.75773 7101659.06417 ] [ 27047669.87626 -305355.36905 -2151004.72943 30837443.68104 1254988.2551 124776.64972 ] [ -2928557.4202 -15201010.60506 2638842.75773 1254988.2551 18098750.90743 6917096.37059 ] [ -2362858.73399 -9423268.49476 7101659.06417 124776.64972 6917096.37059 14073300.47216 ] ] ]

State
Pi 0
A 0.257282 0.04109 0 0 0.70152 0 0.000108 0 0 
MultiGaussianOPDF [ [ -409.09407 -4606.69926 -3132.85896 -9662.71342 3660.46766 -1737.39222 ] [ [ 132797943.9229 -13896746.90255 -31172064.81942 97938135.61582 34559839.1621 -40456546.15267 ] [ -13896746.90255 21231605.29459 11986074.39882 -6591833.00267 -5094241.98937 9274740.15736 ] [ -31172064.81942 11986074.39882 37139614.82578 -36772016.01804 -16380747.88815 39700360.59222 ] [ 97938135.61582 -6591833.00267 -36772016.01804 171588425.10365 58669848.8569 -75581033.57618 ] [ 34559839.1621 -5094241.98937 -16380747.88815 58669848.8569 45303032.56526 -39475313.26643 ] [ -40456546.15267 9274740.15736 39700360.59222 -75581033.57618 -39475313.26643 80046324.03661 ] ] ]

State
Pi 0.182327
A 0 0 0 0.000043 0 0.862126 0.107034 0.018286 0.01251 
MultiGaussianOPDF [ [ 5198.75819 -1582.93453 -293.19361 6114.65067 1106.76744 563.6072 ] [ [ 5944488.30859 -1685919.29059 195263.6717 3125413.29461 2361202.54262 420646.61335 ] [ -1685919.29059 10552619.85428 905372.25959 -611265.16263 -5592377.93816 899100.70605 ] [ 195263.6717 905372.25959 5869138.31617 57674.75066 -371435.50261 2976572.53946 ] [ 3125413.29461 -611265.16263 57674.75066 4696881.80434 1961674.89853 -326053.361 ] [ 2361202.54262 -5592377.93816 -371435.50261 1961674.89853 11375428.38276 -1383873.29448 ] [ 420646.61335 899100.70605 2976572.53946 -326053.361 -1383873.29448 5836037.14152 ] ] ]

State
Pi 0.011245
A 0 0.065502 0.115836 0.000105 0.064748 0.0027 0.751108 0 0 
MultiGaussianOPDF [ [ -1441.6886 -2423.82843 1005.25038 -1797.75608 2911.93818 2293.81578 ] [ [ 18234375.97043 -4751510.17933 -7018330.45007 9218815.05767 6646576.26866 -3780522.66136 ] [ -4751510.17933 18040239.31119 5265200.46397 -2130128.66114 -5541840.24401 1476025.65473 ] [ -7018330.45007 5265200.46397 13934811.96896 -5186504.13149 -4284060.10295 6271569.5145 ] [ 9218815.05767 -2130128.66114 -5186504.13149 19630941.52939 10175081.05382 -8055378.10826 ] [ 6646576.26866 -5541840.24401 -4284060.10295 10175081.05382 17973261.93347 -4252767.95963 ] [ -3780522.66136 1476025.65473 6271569.5145 -8055378.10826 -4252767.95963 12679144.36843 ] ] ]

State
Pi 0.437755
A 0 0 0.005849 0.015446 0 0.048688 0.004194 0.905819 0.020004 
MultiGaussianOPDF [ [ 3263.08782 2086.28052 1380.28327 3872.08001 -2124.48521 515.6438 ] [ [ 2680816.31097 -60033.92465 776394.96083 2285587.10977 79735.24221 476063.43877 ] [ -60033.92465 5133918.33867 325864.33002 194071.64993 -3313749.85819 -1360411.14178 ] [ 776394.96083 325864.33002 4919210.54477 1553360.9924 -202134.84344 2908896.09708 ] [ 2285587.10977 194071.64993 1553360.9924 2950891.07037 -104032.26782 646570.17076 ] [ 79735.24221 -3313749.85819 -202134.84344 -104032.26782 3442361.89213 937114.12651 ] [ 476063.43877 -1360411.14178 2908896.09708 646570.17076 937114.12651 3231197.84492 ] ] ]

State
Pi 0.210355
A 0 0 0 0 0.071103 0.045299 0.007397 0.00121 0.87499 
MultiGaussianOPDF [ [ 9154.86854 3705.75325 275.70008 10218.78794 -2371.79877 -2432.1192 ] [ [ 25621441.78401 -11189078.19695 -19237169.56515 17512546.34306 10822011.61564 -22391474.16615 ] [ -11189078.19695 24535529.1787 11721951.71508 -6434878.70421 -14638874.53788 14687138.71925 ] [ -19237169.56515 11721951.71508 37680009.09483 -10623218.43027 -11755162.28018 30877432.8522 ] [ 17512546.34306 -6434878.70421 -10623218.43027 20222802.37809 3692687.5362 -16699628.47254 ] [ 10822011.61564 -14638874.53788 -11755162.28018 3692687.5362 26023090.64424 -15965991.83093 ] [ -22391474.16615 14687138.71925 30877432.8522 -16699628.47254 -15965991.83093 42923635.01078 ] ] ]

RINGMASTER_LEFT_CIRCLE -1.7976931348623157E308 -1.7976931348623157E308 0 
ARM_WINDMILL -8751.784729471136 -2444.0209253857993 1 
Hmm v1.0

NbStates 9

State
Pi 0
A 0.903932 0.020491 0.010715 0.01204 0.000505 0 0.00909 0 0.043227 
MultiGaussianOPDF [ [ -5931.70308 2375.68108 -11686.55554 -17688.40706 -2931.60399 -1907.76362 ] [ [ 46036706.36596 -17839917.37669 4154326.58856 7500431.20304 -10349310.11651 4817498.36648 ] [ -17839917.37669 17228078.62228 -2455653.28944 -1291058.06967 5649593.30102 -2297078.72998 ] [ 4154326.58856 -2455653.28944 14619294.91694 7705448.1866 -4606147.64284 2286878.86175 ] [ 7500431.20304 -1291058.06967 7705448.1866 22760395.29778 -3282235.4656 1666216.67152 ] [ -10349310.11651 5649593.30102 -4606147.64284 -3282235.4656 17191388.57428 -1047656.62237 ] [ 4817498.36648 -2297078.72998 2286878.86175 1666216.67152 -1047656.62237 7030690.58049 ] ] ]

State
Pi 0.077512
A 0.001128 0.857066 0.017014 0.005297 0.070002 0.007169 0.004959 0.017475 0.01989 
MultiGaussianOPDF [ [ -9218.90094 -2124.64177 -3211.70458 -12567.15618 -4775.68552 -4775.16551 ] [ [ 14012210.34038 -2548887.70736 -5674824.12423 -208149.8344 -233673.13779 -4015574.79953 ] [ -2548887.70736 10654412.36146 -891518.13567 2055170.39884 -103298.55428 928546.82517 ] [ -5674824.12423 -891518.13567 13353167.37712 1844751.98194 2220606.10901 2489804.15349 ] [ -208149.8344 2055170.39884 1844751.98194 16437530.50755 6057080.84925 547446.23622 ] [ -233673.13779 -103298.55428 2220606.10901 6057080.84925 24254968.54784 -3125488.87437 ] [ -4015574.79953 928546.82517 2489804.15349 547446.23622 -3125488.87437 20074290.28082 ] ] ]

State
Pi 0.244819
A 0.006386 0.059301 0.898531 0.003353 0 0.031713 0 0.000716 0 
MultiGaussianOPDF [ [ -2898.0296 -1714.80442 -2097.04477 -10588.29862 -4039.08012 -2612.77342 ] [ [ 7935266.4847 -1025325.38516 -1838658.64883 -393108.69532 2162804.44142 -136874.12879 ] [ -1025325.38516 4071411.94236 1679026.6372 -591930.04153 -426745.48933 -85598.20956 ] [ -1838658.64883 1679026.6372 7953346.60229 2137720.41742 -1300635.80194 -2867105.8508 ] [ -393108.69532 -591930.04153 2137720.41742 17443564.77763 -3617515.93821 -1365411.3155 ] [ 2162804.44142 -426745.48933 -1300635.80194 -3617515.93821 10959899.96743 -390527.99148 ] [ -136874.12879 -85598.20956 -2867105.8508 -1365411.3155 -390527.99148 16626867.59977 ] ] ]

State
Pi 0.022726
A 0.008237 0.056259 0.028344 0.88791 0 0.001205 0.016478 0.001567 0 
MultiGaussianOPDF [ [ -9680.95956 1971.31322 -2832.25826 -22832.92447 -515.88258 1242.13966 ] [ [ 18535237.53782 -9225096.64469 -4516633.34112 -1591178.44821 -817150.30164 -2779426.58405 ] [ -9225096.64469 20635244.49463 5800128.13613 2147385.26684 -184907.07435 -98259.13669 ] [ -4516633.34112 5800128.13613 10915466.11195 3276158.02769 -1246195.96094 1032525.18781 ] [ -1591178.44821 2147385.26684 3276158.02769 31155301.71782 2139313.59598 4501909.54959 ] [ -817150.30164 -184907.07435 -1246195.96094 2139313.59598 17598031.06842 5984876.22201 ] [ -2779426.58405 -98259.13669 1032525.18781 4501909.54959 5984876.22201 16652792.27367 ] ] ]

State
Pi 0.032454
A 0 0 0 0.000037 0.895758 0.003766 0.027148 0.071907 0.001385 
MultiGaussianOPDF [ [ -22121.71133 -1756.25909 699.77769 -8351.63018 858.82685 -3149.29749 ] [ [ 27113241.63055 -1416945.60946 1426530.44547 4186123.44377 -2124249.15 -1160162.24177 ] [ -1416945.60946 26368440.01611 1007419.04395 2310979.71765 4917538.89288 312960.21183 ] [ 1426530.44547 1007419.04395 22183996.14528 -2033427.37115 -2351776.7611 111837.66279 ] [ 4186123.44377 2310979.71765 -2033427.37115 13002076.49455 4942780.58271 -1221473.77641 ] [ -2124249.15 4917538.89288 -2351776.7611 4942780.58271 14126969.37249 -2089610.50992 ] [ -1160162.24177 312960.21183 111837.66279 -1221473.77641 -2089610.50992 7818846.19996 ] ] ]

State
Pi 0.455909
A 0.000696 0.002865 0.033335 0.013448 0.014778 0.909457 0 0.025421 0 
MultiGaussianOPDF [ [ -7668.65158 475.37729 -205.76031 -5136.6808 495.96241 -194.21607 ] [ [ 25418367.29926 2577615.23887 -3436770.89772 1237234.63355 2022029.44689 -1108032.77038 ] [ 2577615.23887 9717869.27771 937513.52121 -2639142.14339 -981930.77713 1773537.74095 ] [ -3436770.89772 937513.52121 7409169.87598 -267223.32154 -727704.68805 2291011.16695 ] [ 1237234.63355 -2639142.14339 -267223.32154 12655763.46462 2684145.18046 -4217717.37097 ] [ 2022029.44689 -981930.77713 -727704.68805 2684145.18046 5069493.85468 -2249993.67968 ] [ -1108032.77038 1773537.74095 2291011.16695 -4217717.37097 -2249993.67968 7197868.6329 ] ] ]

State
Pi 0.011287
A 0.000804 0.008071 0 0.03519 0.014103 0 0.908456 0.011453 0.021923 
MultiGaussianOPDF [ [ -22299.57739 1695.85532 -3038.326 -25149.95218 -360.22556 -2862.76479 ] [ [ 49194686.73972 2789530.67415 -1793104.06924 -9047239.86571 -9409885.2651 -800019.26967 ] [ 2789530.67415 71354380.62612 -226550.58846 1997987.07171 4799735.06395 -896230.89748 ] [ -1793104.06924 -226550.58846 44182255.10724 15319911.55378 4537366.97932 11330321.13895 ] [ -9047239.86571 1997987.07171 15319911.55378 40339178.65903 8079939.93824 -9234931.53331 ] [ -9409885.2651 4799735.06395 4537366.97932 8079939.93824 41409710.79514 8263400.27034 ] [ -800019.26967 -896230.89748 11330321.13895 -9234931.53331 8263400.27034 51092859.77265 ] ] ]

State
Pi 0.155291
A 0.052188 0.003438 0 0.064652 0.003569 0.010362 0.005767 0.859003 0.001021 
MultiGaussianOPDF [ [ -14321.59434 8453.50949 -2135.89237 -11281.29675 1089.14166 -3410.60657 ] [ [ 24702493.27026 2050359.35282 3775839.80199 7309496.26133 3115099.54121 4548930.1594 ] [ 2050359.35282 19724527.75777 3624395.65941 -3902774.24231 -111511.49124 1625965.56629 ] [ 3775839.80199 3624395.65941 27926674.22543 -458687.72836 -438526.94943 3194600.91173 ] [ 7309496.26133 -3902774.24231 -458687.72836 25182817.42043 2999678.32813 -2128756.32258 ] [ 3115099.54121 -111511.49124 -438526.94943 2999678.32813 11527927.7427 -1236869.79331 ] [ 4548930.1594 1625965.56629 3194600.91173 -2128756.32258 -1236869.79331 15053956.03602 ] ] ]

State
Pi 0
A 0.000038 0.010834 0.000211 0 0.01149 0 0.018111 0.065933 0.893383 
MultiGaussianOPDF [ [ -20566.28809 -2508.59535 -11464.40436 -11457.78487 -6356.64078 -8247.98016 ] [ [ 53108494.98053 858017.42237 4708762.45053 -5239471.62417 -19052542.70821 1991446.67371 ] [ 858017.42237 24684640.66111 2934385.47186 757230.80921 1234922.50561 2301291.53412 ] [ 4708762.45053 2934385.47186 17056492.70398 1170746.10956 -3355707.41462 1582071.17333 ] [ -5239471.62417 757230.80921 1170746.10956 19578616.74926 10194279.9784 -6634171.30987 ] [ -19052542.70821 1234922.50561 -3355707.41462 10194279.9784 37098551.16645 -4776710.054 ] [ 1991446.67371 2301291.53412 1582071.17333 -6634171.30987 -4776710.054 28071118.30234 ] ] ]

LEFT_ONE_HUNDRED_HAND_SLAP -4377.218760212592 -1198.3693960735145 1 
Hmm v1.0

NbStates 6

State
Pi 0.015171
A 0.800796 0.079836 0.000003 0.024551 0.027173 0.067641 
MultiGaussianOPDF [ [ -10652.85096 -6771.20572 -14491.20955 ] [ [ 66045183.84669 -29278492.28662 6031333.3037 ] [ -29278492.28662 49319099.36319 -2988369.33353 ] [ 6031333.3037 -2988369.33353 86903412.76345 ] ] ]

State
Pi 0.09589
A 0.013499 0.873987 0.080445 0.000001 0.00161 0.030459 
MultiGaussianOPDF [ [ -4620.89957 -2914.78142 -9652.16015 ] [ [ 10307129.6123 -1829159.55099 -8540803.35322 ] [ -1829159.55099 7625613.087 3745365.11267 ] [ -8540803.35322 3745365.11267 27659046.96161 ] ] ]

State
Pi 0.588427
A 0.03215 0.129978 0.719422 0.056052 0.051531 0.010868 
MultiGaussianOPDF [ [ -5571.52545 1525.51582 5191.67526 ] [ [ 13497538.67507 125078.6678 -1368208.8043 ] [ 125078.6678 4647155.74522 4718276.22355 ] [ -1368208.8043 4718276.22355 19978833.10016 ] ] ]

State
Pi 0.057404
A 0.004295 0 0.12498 0.866446 0.001669 0.002611 
MultiGaussianOPDF [ [ 1556.79692 5081.94161 17107.68391 ] [ [ 15729800.21986 3711660.21339 9924180.50935 ] [ 3711660.21339 27222391.46555 3141919.75626 ] [ 9924180.50935 3141919.75626 23681761.16937 ] ] ]

State
Pi 0.030451
A 0.0007 0.001361 0.079367 0.071502 0.824413 0.022657 
MultiGaussianOPDF [ [ -7152.23051 2707.52803 20504.09788 ] [ [ 15461587.91741 359336.35356 6399645.86357 ] [ 359336.35356 19794754.4387 5761034.84469 ] [ 6399645.86357 5761034.84469 23131314.83095 ] ] ]

State
Pi 0.212657
A 0.043673 0.023075 0.013518 0.002305 0.0934 0.824029 
MultiGaussianOPDF [ [ -14889.50323 2084.18862 6262.5834 ] [ [ 26760371.18814 13407717.13028 -7130476.35233 ] [ 13407717.13028 42272710.26244 15373888.64028 ] [ -7130476.35233 15373888.64028 50517011.3808 ] ] ]

SONIC_BOOM -3944.159294012267 -859.8639531836797 1 
Hmm v1.0

NbStates 9

State
Pi 0.043025
A 0.892023 0 0 0 0.012504 0.095473 0 0 0 
MultiGaussianOPDF [ [ -17063.62912 24399.13033 -1857.01803 -15862.05794 -24653.74726 -2780.63335 ] [ [ 171577605.78952 -19555574.83543 -5690127.30191 130545738.22361 40075689.17222 3677504.30067 ] [ -19555574.83543 28950853.22303 -9757947.22333 -1695149.24654 -11204480.11938 -4488902.53615 ] [ -5690127.30191 -9757947.22333 29099908.08889 -7161867.46641 -1401330.68007 9453256.25509 ] [ 130545738.22361 -1695149.24654 -7161867.46641 158667081.22145 27541213.37983 -2755265.96985 ] [ 40075689.17222 -11204480.11938 -1401330.68007 27541213.37983 34733068.43168 7637833.16856 ] [ 3677504.30067 -4488902.53615 9453256.25509 -2755265.96985 7637833.16856 23272921.04374 ] ] ]

State
Pi 0.029067
A 0 0.908266 0 0 0.007712 0.039889 0.044133 0 0 
MultiGaussianOPDF [ [ -16784.03749 3959.3381 -9638.09862 -12935.73508 -3291.00081 -10354.20483 ] [ [ 97777408.28633 13511213.78401 2761499.4089 71956400.04392 -1827007.89981 364765.43781 ] [ 13511213.78401 43593969.78881 2885656.00121 30733755.08135 -36778122.24202 -12369547.71603 ] [ 2761499.4089 2885656.00121 24506528.84245 3667406.2247 -7601644.89757 13543095.36543 ] [ 71956400.04392 30733755.08135 3667406.2247 81782150.03088 -14662332.77481 -1400035.23767 ] [ -1827007.89981 -36778122.24202 -7601644.89757 -14662332.77481 48760273.23924 11360102.36394 ] [ 364765.43781 -12369547.71603 13543095.36543 -1400035.23767 11360102.36394 31760494.69036 ] ] ]

State
Pi 0.098027
A 0 0.016541 0.966578 0.00325 0 0 0 0.01098 0.00265 
MultiGaussianOPDF [ [ 661.16813 2621.39142 -2807.01739 1808.82859 -3068.05877 -4026.96093 ] [ [ 6420469.56193 -118249.73235 661441.437 4326820.20381 -2135926.35396 1513141.08826 ] [ -118249.73235 2573219.94605 258062.00807 -824459.12218 -1221027.05067 -1016082.78348 ] [ 661441.437 258062.00807 5427747.40197 732467.00127 -587701.71278 4705212.7765 ] [ 4326820.20381 -824459.12218 732467.00127 9528188.63785 -1624874.79469 109924.82861 ] [ -2135926.35396 -1221027.05067 -587701.71278 -1624874.79469 5564245.76348 1673715.55737 ] [ 1513141.08826 -1016082.78348 4705212.7765 109924.82861 1673715.55737 11610465.14715 ] ] ]

State
Pi 0.507241
A 0 0.000748 0.00609 0.867555 0.005246 0 0 0.115798 0.004563 
MultiGaussianOPDF [ [ -3637.87289 4852.79033 1564.10673 -3706.49606 -5446.75981 168.83711 ] [ [ 4284469.3149 1833828.57279 1105236.24986 4110147.19488 -2117445.32843 789123.86898 ] [ 1833828.57279 7730113.62288 647718.17573 2779241.01133 -5995528.02449 -1379419.99206 ] [ 1105236.24986 647718.17573 5695769.12322 1742994.70072 -2447784.99035 2191348.94912 ] [ 4110147.19488 2779241.01133 1742994.70072 6832372.17022 -3502029.32815 708167.31445 ] [ -2117445.32843 -5995528.02449 -2447784.99035 -3502029.32815 9045982.21317 598214.83894 ] [ 789123.86898 -1379419.99206 2191348.94912 708167.31445 598214.83894 4002908.90873 ] ] ]

State
Pi 0.03229
A 0 0 0 0.001385 0.871521 0.077352 0.046732 0.00301 0 
MultiGaussianOPDF [ [ -13854.16883 8017.70099 -1491.17638 -16915.5342 -8242.146 -1990.33412 ] [ [ 26119545.33167 -406319.00099 1455737.74377 9993071.10687 -3943973.90711 -895188.60429 ] [ -406319.00099 14450151.46739 -5594718.80613 -2391150.85012 -11027082.2947 -5580347.38977 ] [ 1455737.74377 -5594718.80613 11866368.36084 2897582.14235 3492409.90574 5588526.36361 ] [ 9993071.10687 -2391150.85012 2897582.14235 16949750.55914 598242.78748 1094303.61419 ] [ -3943973.90711 -11027082.2947 3492409.90574 598242.78748 21338698.68907 6040695.14973 ] [ -895188.60429 -5580347.38977 5588526.36361 1094303.61419 6040695.14973 10324632.13176 ] ] ]

State
Pi 0.000002
A 0 0 0 0 0.004531 0.899846 0.095623 0 0 
MultiGaussianOPDF [ [ -22239.17035 9090.89924 -4604.92896 -29722.52203 -9616.44956 -4324.32136 ] [ [ 64434385.66743 816271.91174 2053503.69329 8722383.6886 2908652.06892 -6236141.467 ] [ 816271.91174 30529241.39966 2686822.57179 -2563541.57288 -12857296.30864 2563966.2169 ] [ 2053503.69329 2686822.57179 24827070.82679 -168585.56177 -373108.48722 10313247.00956 ] [ 8722383.6886 -2563541.57288 -168585.56177 8674004.94053 4603770.3041 -590263.36129 ] [ 2908652.06892 -12857296.30864 -373108.48722 4603770.3041 39855937.8475 107065.86283 ] [ -6236141.467 2563966.2169 10313247.00956 -590263.36129 107065.86283 20816062.25884 ] ] ]

State
Pi 0
A 0 0.002863 0 0.000832 0 0 0.91531 0 0.080995 
MultiGaussianOPDF [ [ -16889.62973 -6697.74223 2673.81698 -16386.15168 4162.22382 4026.61883 ] [ [ 73286315.15787 -9806517.29768 -1220193.74849 55000256.52192 20879278.314 -7779165.25861 ] [ -9806517.29768 99396066.7872 19573498.47486 14774299.4928 -25643037.06558 -7693024.26926 ] [ -1220193.74849 19573498.47486 35390426.19238 8001880.28359 -18718996.30814 3736643.25915 ] [ 55000256.52192 14774299.4928 8001880.28359 93132536.75097 33503426.93712 -11446293.03622 ] [ 20879278.314 -25643037.06558 -18718996.30814 33503426.93712 121882267.87118 -2450442.36288 ] [ -7779165.25861 -7693024.26926 3736643.25915 -11446293.03622 -2450442.36288 27086876.37663 ] ] ]

State
Pi 0.223213
A 0.019003 0.020086 0.000801 0.003713 0.147917 0 0 0.808479 0 
MultiGaussianOPDF [ [ -4487.42671 9988.87438 -2055.62768 -4769.92486 -10901.50397 -2260.14515 ] [ [ 13323869.46415 626078.70518 1902279.44867 8396592.4127 -1910442.98445 523358.47734 ] [ 626078.70518 13636850.5732 2213745.1115 644254.82436 -6563554.07746 159999.07423 ] [ 1902279.44867 2213745.1115 16301539.31999 1025171.14452 368315.6632 4165251.43529 ] [ 8396592.4127 644254.82436 1025171.14452 15829650.98455 -747202.95554 1931051.29269 ] [ -1910442.98445 -6563554.07746 368315.6632 -747202.95554 13138369.05469 859844.74273 ] [ 523358.47734 159999.07423 4165251.43529 1931051.29269 859844.74273 8572721.90577 ] ] ]

State
Pi 0.067134
A 0 0 0.004294 0.032555 0 0 0 0 0.963151 
MultiGaussianOPDF [ [ -2657.67741 -2674.15314 3525.44075 -2279.0828 1570.22776 3934.15754 ] [ [ 10367955.37248 5401586.3676 1561184.80622 7931778.79501 -6283029.624 187878.89899 ] [ 5401586.3676 14867619.73905 2446991.46402 5329385.34998 -8769853.05958 183952.03406 ] [ 1561184.80622 2446991.46402 3913517.91798 809592.33702 -1165228.7367 470841.99337 ] [ 7931778.79501 5329385.34998 809592.33702 9255996.87162 -6049313.57481 -13922.10336 ] [ -6283029.624 -8769853.05958 -1165228.7367 -6049313.57481 13509653.73382 -680685.43955 ] [ 187878.89899 183952.03406 470841.99337 -13922.10336 -680685.43955 2144364.36205 ] ] ]

RIGHT_UPPERCUT -1587.1083213194358 -303.3018375265573 1 
Hmm v1.0

NbStates 6

State
Pi 0
A 0.907746 0.076012 0.005571 0.010671 0 0 
MultiGaussianOPDF [ [ -12435.62354 2791.48096 2642.07932 ] [ [ 51022679.11728 -7147755.01546 3445007.80465 ] [ -7147755.01546 22572880.76699 4441904.0356 ] [ 3445007.80465 4441904.0356 26832806.7247 ] ] ]

State
Pi 0.040091
A 0 0.974395 0.025605 0 0 0 
MultiGaussianOPDF [ [ 777.09059 -772.6006 732.1651 ] [ [ 7193458.67496 -442019.33232 -117631.84067 ] [ -442019.33232 844528.40301 582578.62139 ] [ -117631.84067 582578.62139 2939365.93752 ] ] ]

State
Pi 0.768329
A 0 0.00391 0.840994 0.036242 0.118854 0 
MultiGaussianOPDF [ [ 1544.01849 -2387.32805 -9951.07439 ] [ [ 6137058.60059 1030048.17108 -1384423.60087 ] [ 1030048.17108 8720067.6136 1556964.73696 ] [ -1384423.60087 1556964.73696 21739042.87036 ] ] ]

State
Pi 0.096477
A 0.067677 0.000002 0.022597 0.880449 0.000874 0.028401 
MultiGaussianOPDF [ [ -9823.88602 -3054.10632 -16430.00701 ] [ [ 21486882.98788 450685.31226 2909039.06162 ] [ 450685.31226 12730021.27831 510682.41518 ] [ 2909039.06162 510682.41518 29240697.01165 ] ] ]

State
Pi 0.095103
A 0.000011 0 0.001366 0.090851 0.819677 0.088096 
MultiGaussianOPDF [ [ -4519.52359 -6902.17315 -24637.54509 ] [ [ 67233727.07595 646635.6584 27300107.62692 ] [ 646635.6584 82069352.05246 -17606926.51486 ] [ 27300107.62692 -17606926.51486 48918285.4545 ] ] ]

State
Pi 0
A 0.154246 0.00127 0 0 0 0.844484 
MultiGaussianOPDF [ [ -27257.2376 -6223.15357 -22131.58409 ] [ [ 19898734.07262 4924639.35579 842314.98542 ] [ 4924639.35579 135619951.66651 6874790.75743 ] [ 842314.98542 6874790.75743 92976962.61725 ] ] ]

NYAN_CAT -7527.482443656863 -1760.8428389308915 1 
Hmm v1.0

NbStates 9

State
Pi 0.073016
A 0.768839 0.111193 0.032754 0 0.086599 0 0 0 0.000615 
MultiGaussianOPDF [ [ -4216.58971 2556.00997 4648.92321 2464.65259 2422.50653 -2632.32854 ] [ [ 7244531.13749 720038.52482 -626353.80913 558112.85493 499710.7127 -590546.28305 ] [ 720038.52482 4534521.91195 2818976.65057 1062953.39258 398981.5407 -97631.68858 ] [ -626353.80913 2818976.65057 18069137.36162 -468649.55761 -612619.42372 -1902594.87601 ] [ 558112.85493 1062953.39258 -468649.55761 5430635.69103 996405.2754 -343910.92536 ] [ 499710.7127 398981.5407 -612619.42372 996405.2754 3658325.51926 -2442997.25698 ] [ -590546.28305 -97631.68858 -1902594.87601 -343910.92536 -2442997.25698 8230101.00671 ] ] ]

State
Pi 0.035484
A 0 0.77547 0.221836 0 0.001217 0 0 0 0.001477 
MultiGaussianOPDF [ [ -1766.8458 2880.08231 10240.53954 -1238.90984 2343.70001 -6772.71781 ] [ [ 30162769.19722 -4076175.10218 10333428.56702 -517968.61584 -2488397.92472 -3909221.2056 ] [ -4076175.10218 30841892.86182 4631949.93217 -2907018.33589 6245508.44027 -3649556.20162 ] [ 10333428.56702 4631949.93217 62768752.93128 -5264201.48918 -4176304.77038 -5595576.19359 ] [ -517968.61584 -2907018.33589 -5264201.48918 28767429.30743 13251794.68976 -5297211.26697 ] [ -2488397.92472 6245508.44027 -4176304.77038 13251794.68976 22832343.0595 -13682411.68683 ] [ -3909221.2056 -3649556.20162 -5595576.19359 -5297211.26697 -13682411.68683 22678354.83785 ] ] ]

State
Pi 0.060599
A 0 0.010324 0.792022 0.065861 0.002832 0.073378 0.00321 0.042324 0.010049 
MultiGaussianOPDF [ [ -190.51399 319.84227 6807.38007 -3996.83791 -3914.07019 3914.41253 ] [ [ 11948133.67628 -6096716.40527 -6968717.53974 1278152.44969 -1463849.79068 -2136216.26362 ] [ -6096716.40527 12497221.28067 6224268.19097 235818.72242 -356616.41215 -1129636.27695 ] [ -6968717.53974 6224268.19097 29849955.4553 1949107.46372 2887849.83721 6839841.45041 ] [ 1278152.44969 235818.72242 1949107.46372 15011441.51271 3492175.05885 6620065.60488 ] [ -1463849.79068 -356616.41215 2887849.83721 3492175.05885 9591748.35504 -3712689.72318 ] [ -2136216.26362 -1129636.27695 6839841.45041 6620065.60488 -3712689.72318 24399507.27599 ] ] ]

State
Pi 0.044045
A 0 0 0.002814 0.810726 0.002439 0.003375 0.041463 0.134174 0.00501 
MultiGaussianOPDF [ [ 2729.57945 -1076.13611 1501.34794 -2435.23512 -2572.8903 5056.12737 ] [ [ 2856651.8936 -845214.63331 -916039.95286 789605.06657 -156986.50797 -609570.52634 ] [ -845214.63331 1399492.99154 -174607.50562 54380.17843 72888.7476 -109513.42038 ] [ -916039.95286 -174607.50562 7447084.24819 1278097.10245 601646.84795 -770695.39158 ] [ 789605.06657 54380.17843 1278097.10245 5809358.05814 1155154.96585 -230265.95746 ] [ -156986.50797 72888.7476 601646.84795 1155154.96585 2285869.93223 -153685.76225 ] [ -609570.52634 -109513.42038 -770695.39158 -230265.95746 -153685.76225 6515050.55543 ] ] ]

State
Pi 0.047121
A 0.000425 0.001695 0.033755 0.099835 0.856961 0 0.003441 0 0.003888 
MultiGaussianOPDF [ [ -97.8924 -64.14011 8096.15928 910.12518 274.84116 -707.49692 ] [ [ 5030515.75828 392307.44314 -1599539.80147 -1694809.73115 -480672.2059 960767.7209 ] [ 392307.44314 4683497.54841 -1898413.90787 -23293.23607 1210056.42889 1011104.07903 ] [ -1599539.80147 -1898413.90787 6522536.89464 -114263.57528 -185136.24832 -1829136.88771 ] [ -1694809.73115 -23293.23607 -114263.57528 8027399.91981 2600785.32796 -4132533.7312 ] [ -480672.2059 1210056.42889 -185136.24832 2600785.32796 2783090.61514 -2077544.30366 ] [ 960767.7209 1011104.07903 -1829136.88771 -4132533.7312 -2077544.30366 5776712.23312 ] ] ]

State
Pi 0.045443
A 0.14428 0 0.020854 0 0 0.815235 0.003168 0.005584 0.010879 
MultiGaussianOPDF [ [ -697.14131 139.14544 -4164.58266 2244.23202 -4956.79365 9556.35277 ] [ [ 27107173.3169 -11549798.56316 -20296692.26146 1493692.19296 -10095582.8428 201054.77105 ] [ -11549798.56316 18944019.98069 10859641.48264 7236212.03452 8474398.89138 356576.18666 ] [ -20296692.26146 10859641.48264 57803254.12121 -11963157.45486 11440994.11293 -8005262.57508 ] [ 1493692.19296 7236212.03452 -11963157.45486 45706123.41009 -3519444.3634 14704594.3763 ] [ -10095582.8428 8474398.89138 11440994.11293 -3519444.3634 28230819.88339 -8487356.86037 ] [ 201054.77105 356576.18666 -8005262.57508 14704594.3763 -8487356.86037 35408726.11481 ] ] ]

State
Pi 0.160045
A 0.070161 0 0 0.004271 0.073992 0 0.84118 0.000444 0.009951 
MultiGaussianOPDF [ [ 433.4687 902.33328 1590.14014 2536.83788 531.18406 2962.7276 ] [ [ 3614266.19134 -925172.79014 -1553493.18021 94857.42802 -811014.74751 555616.35445 ] [ -925172.79014 964426.34875 1299571.20115 343901.16075 426745.19381 -867904.52125 ] [ -1553493.18021 1299571.20115 5757910.3238 632411.72332 483819.1159 -2064064.47827 ] [ 94857.42802 343901.16075 632411.72332 3400027.50518 910266.1579 -3440408.14872 ] [ -811014.74751 426745.19381 483819.1159 910266.1579 2332404.49184 -2370908.75322 ] [ 555616.35445 -867904.52125 -2064064.47827 -3440408.14872 -2370908.75322 8526718.60134 ] ] ]

State
Pi 0.043994
A 0.00011 0 0 0.00003 0 0.054743 0.086388 0.806731 0.051998 
