27
RIGHT_HOOK 1
Hmm v1.0

NbStates 5

State
Pi 0.42047
A 0.848417 0.018843 0.13274 0 0 
MultiGaussianOPDF [ [ 6945.97683 -4817.35511 -6935.09613 ] [ [ 6164025.4702 161943.92527 271404.16804 ] [ 161943.92527 5790387.22911 2944287.7052 ] [ 271404.16804 2944287.7052 12823605.62899 ] ] ]

State
Pi 0.579489
A 0.0046 0.843865 0.143101 0.008433 0 
MultiGaussianOPDF [ [ 925.38875 -5208.17124 -4776.46718 ] [ [ 2445984.26872 -502009.78707 -890212.12914 ] [ -502009.78707 1993326.97282 1030447.17719 ] [ -890212.12914 1030447.17719 3129396.22983 ] ] ]

State
Pi 0.000041
A 0 0 0.767132 0 0.232868 
MultiGaussianOPDF [ [ -138.1037 -4936.37748 -9821.08863 ] [ [ 4001684.86072 -185060.90574 673077.78636 ] [ -185060.90574 5215555.86388 662894.63473 ] [ 673077.78636 662894.63473 4074662.46368 ] ] ]

State
Pi 0
A 0 0 0 1 0 
MultiGaussianOPDF [ [ -7346.54899 -1414.46162 3522.10633 ] [ [ 5796762.79802 2618032.81264 1213673.22544 ] [ 2618032.81264 6955996.09407 2710375.21377 ] [ 1213673.22544 2710375.21377 3665104.68436 ] ] ]

State
Pi 0
A 0 0 0 0.089837 0.910163 
MultiGaussianOPDF [ [ -8632.07871 -3497.18464 -10771.10105 ] [ [ 12124999.08575 -1366118.07764 2215582.46662 ] [ -1366118.07764 5089678.76095 -1490156.6698 ] [ 2215582.46662 -1490156.6698 16015367.23668 ] ] ]

RIGHT_BLOCK 1
Hmm v1.0

NbStates 3

State
Pi 0.530023
A 0.956917 0.02123 0.021853 
MultiGaussianOPDF [ [ 3685.10007 -1006.7385 -382.41006 ] [ [ 254893.81069 321001.93052 -115976.77804 ] [ 321001.93052 763252.99326 -58071.58117 ] [ -115976.77804 -58071.58117 423195.15591 ] ] ]

State
Pi 0.183767
A 0.013893 0.986107 0 
MultiGaussianOPDF [ [ 4379.53237 -448.08665 -176.43882 ] [ [ 8343.53977 2443.83965 -2452.35276 ] [ 2443.83965 72287.2875 -16755.09793 ] [ -2452.35276 -16755.09793 141419.44718 ] ] ]

State
Pi 0.28621
A 0.00624 0 0.99376 
MultiGaussianOPDF [ [ 3908.04 -432.40344 135.2267 ] [ [ 5019.34765 12525.25593 1174.88393 ] [ 12525.25593 62653.94642 11747.31747 ] [ 1174.88393 11747.31747 46301.82596 ] ] ]

LEFT_JAB 1
Hmm v1.0

NbStates 5

State
Pi 0.172517
A 0.966697 0 0.01295 0 0.020353 
MultiGaussianOPDF [ [ 4305.59183 3445.71664 -2983.57595 ] [ [ 4955299.28433 265155.42962 -746725.77002 ] [ 265155.42962 3762481.69725 434374.93071 ] [ -746725.77002 434374.93071 3001571.98468 ] ] ]

State
Pi 0
A 0 1 0 0 0 
MultiGaussianOPDF [ [ -13666.96306 6566.69724 -4602.66343 ] [ [ 57305949.52151 2046623.94925 9278798.79165 ] [ 2046623.94925 79684672.72941 -15832976.67642 ] [ 9278798.79165 -15832976.67642 16969244.56615 ] ] ]

State
Pi 0.74802
A 0.011982 0 0.901493 0.024952 0.061572 
MultiGaussianOPDF [ [ 4890.5586 3345.91154 1584.23635 ] [ [ 5660382.69876 558116.82088 600918.8888 ] [ 558116.82088 2721593.67514 426789.13071 ] [ 600918.8888 426789.13071 1796583.01976 ] ] ]

State
Pi 0.064274
A 0.003658 0 0.004935 0.882461 0.108946 
MultiGaussianOPDF [ [ 2252.42186 -4165.98117 6422.94173 ] [ [ 5696276.44712 -1066325.10935 -353632.61918 ] [ -1066325.10935 24445806.27885 -3023428.87306 ] [ -353632.61918 -3023428.87306 7518911.73592 ] ] ]

State
Pi 0.015189
A 0 0.082139 0.007077 0 0.910784 
MultiGaussianOPDF [ [ -3720.68837 -266.37803 431.53173 ] [ [ 28468097.9126 -6712904.7012 -6168884.89951 ] [ -6712904.7012 8751675.40308 3994554.16396 ] [ -6168884.89951 3994554.16396 5551804.1878 ] ] ]

SONIC_BOOM 1
Hmm v1.0

NbStates 7

State
Pi 0.103623
A 0.952208 0 0.022986 0 0 0.024806 0 
MultiGaussianOPDF [ [ 2186.59189 2391.63318 -2589.00613 3498.2133 -2975.22506 -2569.0612 ] [ [ 4021566.80534 -275836.36135 -611578.98179 911245.66961 -1011394.38319 -121989.37308 ] [ -275836.36135 2722495.14627 467500.8679 -925976.74842 -1300140.26518 230511.69611 ] [ -611578.98179 467500.8679 3284412.61006 538548.10801 -979471.25124 815512.2223 ] [ 911245.66961 -925976.74842 538548.10801 7750385.70754 -874754.61932 -2555739.40705 ] [ -1011394.38319 -1300140.26518 -979471.25124 -874754.61932 5659228.04508 -513612.28098 ] [ -121989.37308 230511.69611 815512.2223 -2555739.40705 -513612.28098 2738031.10847 ] ] ]

State
Pi 0.615127
A 0 0.835981 0.005604 0.004402 0.154013 0 0 
MultiGaussianOPDF [ [ -2912.91467 4915.98234 3767.45492 -2181.72902 -6664.09148 1047.51926 ] [ [ 1364799.1698 63462.47908 -52669.11016 811925.48912 451383.30755 320291.89093 ] [ 63462.47908 2957293.77642 -164900.69094 129884.98446 -1603624.29027 -813238.35561 ] [ -52669.11016 -164900.69094 2353814.70567 433217.36478 -1336654.90776 431223.58085 ] [ 811925.48912 129884.98446 433217.36478 1118598.04753 -248798.34674 109216.46975 ] [ 451383.30755 -1603624.29027 -1336654.90776 -248798.34674 3918158.36157 1186990.88336 ] [ 320291.89093 -813238.35561 431223.58085 109216.46975 1186990.88336 1653521.72938 ] ] ]

State
Pi 0.047147
A 0.040918 0.006689 0.920681 0.005246 0 0.026465 0 
MultiGaussianOPDF [ [ 94.27403 2074.12347 338.85728 624.58391 -2208.90725 161.08615 ] [ [ 1909979.64279 12696.5748 1190209.25585 1843630.1627 -1257642.29202 1099706.39642 ] [ 12696.5748 1654632.47231 -1808490.35362 141210.81709 -1076731.16066 -1788189.80105 ] [ 1190209.25585 -1808490.35362 5934154.95678 1004311.8055 42953.55886 5052195.4378 ] [ 1843630.1627 141210.81709 1004311.8055 2668354.90514 -1649630.37613 209479.83524 ] [ -1257642.29202 -1076731.16066 42953.55886 -1649630.37613 2401029.50595 314129.67494 ] [ 1099706.39642 -1788189.80105 5052195.4378 209479.83524 314129.67494 6046787.23332 ] ] ]

State
Pi 0.09892
A 0 0.011266 0 0.774035 0.018345 0 0.196354 
MultiGaussianOPDF [ [ -8575.05631 6648.4832 228.30419 -10311.5132 -7682.61427 -1602.16274 ] [ [ 15302514.08626 -7002677.26687 5533983.71749 10240029.02334 2825794.48398 7550525.72136 ] [ -7002677.26687 19864674.96601 -5616167.82466 -9370758.44665 -15148249.47265 -12394537.72658 ] [ 5533983.71749 -5616167.82466 7266515.47824 2869914.93255 1120727.8209 7068227.04976 ] [ 10240029.02334 -9370758.44665 2869914.93255 20274502.43149 9956545.35378 8752620.93057 ] [ 2825794.48398 -15148249.47265 1120727.8209 9956545.35378 20837958.20244 10409949.38568 ] [ 7550525.72136 -12394537.72658 7068227.04976 8752620.93057 10409949.38568 16745688.33698 ] ] ]

State
Pi 0
A 0 0 0 0.19034 0.80966 0 0 
MultiGaussianOPDF [ [ -4295.51009 8610.15088 1471.93956 -3781.88832 -9554.77464 -1290.57291 ] [ [ 5757901.63988 672313.98549 1593197.86298 6467602.13784 147952.49531 2074713.58767 ] [ 672313.98549 3282982.14094 -1034815.92248 2044961.383 -866592.71613 -675966.15129 ] [ 1593197.86298 -1034815.92248 4766681.13694 1550193.46519 -521740.27652 2499000.39736 ] [ 6467602.13784 2044961.383 1550193.46519 9639314.74194 -363682.26363 2454928.21073 ] [ 147952.49531 -866592.71613 -521740.27652 -363682.26363 2283217.01797 471201.48271 ] [ 2074713.58767 -675966.15129 2499000.39736 2454928.21073 471201.48271 3504165.99664 ] ] ]

State
Pi 0.135183
A 0.014173 0 0.027398 0.010409 0.000001 0.948019 0 
MultiGaussianOPDF [ [ 125.69166 3112.30441 -3875.12668 946.29721 -4318.96179 -7512.9781 ] [ [ 6868707.30089 232832.76823 -134.64427 3894953.00708 -3754672.39418 -863711.28636 ] [ 232832.76823 3494691.51281 726855.40655 -2421164.00229 -1233432.8573 -1034201.2592 ] [ -134.64427 726855.40655 4132265.16846 -1454049.54844 -1520810.89192 1181325.59331 ] [ 3894953.00708 -2421164.00229 -1454049.54844 14924525.79119 384832.81364 -416069.26743 ] [ -3754672.39418 -1233432.8573 -1520810.89192 384832.81364 6917125.16409 1302359.70667 ] [ -863711.28636 -1034201.2592 1181325.59331 -416069.26743 1302359.70667 6070331.16608 ] ] ]

State
Pi 0
A 0 0 0 0 0 0 1 
MultiGaussianOPDF [ [ -17008.47638 7347.94641 -1382.62139 -18065.43647 -7924.37613 -2186.09987 ] [ [ 11767021.52218 -2754108.30237 2269559.50917 8431864.94897 -1144976.78946 2679378.89307 ] [ -2754108.30237 12699123.33572 -2001522.5398 -1952912.02669 -6782553.94823 -5365065.82127 ] [ 2269559.50917 -2001522.5398 4938582.93419 2429490.27824 -264810.47613 2798432.53098 ] [ 8431864.94897 -1952912.02669 2429490.27824 13609848.8065 4243831.11068 4517952.9331 ] [ -1144976.78946 -6782553.94823 -264810.47613 4243831.11068 15257587.43988 4070472.37862 ] [ 2679378.89307 -5365065.82127 2798432.53098 4517952.9331 4070472.37862 7245332.32186 ] ] ]

LEFT_UPPERCUT 1
Hmm v1.0

NbStates 5

State
Pi 0.152563
A 0.930687 0.061148 0.008166 0 0 
MultiGaussianOPDF [ [ -609.23257 1026.82569 -3415.43931 ] [ [ 2444427.29483 638790.87426 -1191696.35532 ] [ 638790.87426 949209.00556 -293457.24635 ] [ -1191696.35532 -293457.24635 1866926.00855 ] ] ]

State
Pi 0.57516
A 0.072902 0.772519 0.111343 0.018258 0.024978 
MultiGaussianOPDF [ [ 905.94264 1960.31998 -7521.25905 ] [ [ 9375406.24059 -186490.2194 3091711.23103 ] [ -186490.2194 2542016.20534 -468571.26619 ] [ 3091711.23103 -468571.26619 5464529.60952 ] ] ]

State
Pi 0.262898
A 0 0.023882 0.797809 0 0.178309 
MultiGaussianOPDF [ [ 5815.39189 7272.93913 -7475.79103 ] [ [ 14440590.90399 1339255.56281 -5562240.00418 ] [ 1339255.56281 27517211.20375 -9263087.79967 ] [ -5562240.00418 -9263087.79967 27125739.16018 ] ] ]

State
Pi 0.009379
A 0 0.008809 0 0.991191 0 
MultiGaussianOPDF [ [ -6971.33235 2925.70302 -17463.5752 ] [ [ 26165988.70495 -1913329.16912 866280.82333 ] [ -1913329.16912 9358568.3962 -14970237.55795 ] [ 866280.82333 -14970237.55795 56729212.49204 ] ] ]

State
Pi 0
A 0 0.022988 0 0.16092 0.816092 
MultiGaussianOPDF [ [ 3675.11022 5617.55398 -16982.91066 ] [ [ 13070379.48463 2751178.65534 5349736.55208 ] [ 2751178.65534 4250665.65665 748942.08522 ] [ 5349736.55208 748942.08522 9452821.37017 ] ] ]

LEFT_CHOP 1
Hmm v1.0

NbStates 5

State
Pi 0
A 1 0 0 0 0 
MultiGaussianOPDF [ [ -16528.24607 10142.46969 -7801.37835 ] [ [ 23066377.97216 8594476.30123 706444.1581 ] [ 8594476.30123 47283830.71954 -478332.79493 ] [ 706444.1581 -478332.79493 18318178.42561 ] ] ]

State
Pi 0.62483
A 0 0.844422 0 0.155578 0 
MultiGaussianOPDF [ [ 34.82848 -5443.63263 963.65087 ] [ [ 2414313.46537 1362179.08236 279992.47354 ] [ 1362179.08236 3057913.2402 669066.81379 ] [ 279992.47354 669066.81379 2507819.29432 ] ] ]

State
Pi 0.320225
A 0 0.112683 0.876552 0 0.010765 
MultiGaussianOPDF [ [ -828.29858 -120.01417 -1195.92719 ] [ [ 11811255.2844 6293503.62241 -586399.54671 ] [ 6293503.62241 13183333.20247 -3439690.22588 ] [ -586399.54671 -3439690.22588 2182565.83034 ] ] ]

State
Pi 0.054945
A 0 0 0 0.750694 0.249306 
MultiGaussianOPDF [ [ -5627.8782 -9373.48693 -1201.11687 ] [ [ 7943092.41549 1035770.87836 536328.18232 ] [ 1035770.87836 8837739.80257 -731276.82067 ] [ 536328.18232 -731276.82067 12639268.621 ] ] ]

State
Pi 0
A 0.2528 0 0 0 0.7472 
MultiGaussianOPDF [ [ -15120.93974 -7768.94851 -3945.30009 ] [ [ 32739799.52476 12687341.7913 -4036550.04999 ] [ 12687341.7913 47344789.29301 -8523794.37281 ] [ -4036550.04999 -8523794.37281 12955694.31897 ] ] ]

RIGHT_SHORYUKEN 1
Hmm v1.0

NbStates 5

State
Pi 0.762855
A 0.901638 0.097934 0 0.000428 0 
MultiGaussianOPDF [ [ -415.09347 -1121.6035 -2593.4656 ] [ [ 5883270.30081 1686197.03088 -1034516.60624 ] [ 1686197.03088 3773899.344 -388256.61826 ] [ -1034516.60624 -388256.61826 5457029.18192 ] ] ]

State
Pi 0.112201
A 0.019545 0.878087 0.097802 0.004565 0 
MultiGaussianOPDF [ [ 1683.26203 -1064.80573 -7971.70496 ] [ [ 14652933.66364 -861528.00334 5073556.64171 ] [ -861528.00334 13129770.85382 5329379.73442 ] [ 5073556.64171 5329379.73442 17498041.54466 ] ] ]

State
Pi 0.104329
A 0 0.01191 0.783696 0.025286 0.179108 
MultiGaussianOPDF [ [ -5505.8614 -5443.21794 -21797.87478 ] [ [ 62144641.13734 -15991827.95542 14942084.75728 ] [ -15991827.95542 32447681.26674 -3019472.57658 ] [ 14942084.75728 -3019472.57658 24916220.8577 ] ] ]

State
Pi 0
A 0.097557 0.013585 0.000005 0.884141 0.004711 
MultiGaussianOPDF [ [ -9981.64503 -7926.84003 -11973.05561 ] [ [ 35592338.64301 7587727.11117 31645430.2853 ] [ 7587727.11117 17564203.04253 9603284.12366 ] [ 31645430.2853 9603284.12366 52245302.49816 ] ] ]

State
Pi 0.020615
A 0.003088 0 0 0.165329 0.831582 
MultiGaussianOPDF [ [ -22895.0044 -10172.26092 -32610.6035 ] [ [ 53818218.73416 -8368104.88003 910752.79257 ] [ -8368104.88003 28831254.50163 -43794.54881 ] [ 910752.79257 -43794.54881 363232.77226 ] ] ]

TWO_HANDED_BLOCK 1
Hmm v1.0

NbStates 3

State
Pi 0.254214
A 0.997627 0 0.002373 
MultiGaussianOPDF [ [ 3853.22234 1859.12082 47.18355 3321.5043 -1696.68198 -993.05688 ] [ [ 131199.46791 -39943.77781 31371.65473 22626.17836 96614.65289 -80280.87884 ] [ -39943.77781 43386.69773 -16676.90555 -10422.48299 -32122.63374 8313.77326 ] [ 31371.65473 -16676.90555 53248.1271 -2889.19502 29865.52766 -38231.11018 ] [ 22626.17836 -10422.48299 -2889.19502 35802.08983 27138.96354 -12381.32659 ] [ 96614.65289 -32122.63374 29865.52766 27138.96354 104253.45304 -79449.25687 ] [ -80280.87884 8313.77326 -38231.11018 -12381.32659 -79449.25687 174096.60259 ] ] ]

State
Pi 0.328363
A 0 0.996798 0.003202 
MultiGaussianOPDF [ [ 4486.15847 530.01876 349.36983 4108.96111 -11.89663 287.68713 ] [ [ 3922.359 -9452.53418 -2920.94612 35.97538 5648.39477 4158.5787 ] [ -9452.53418 68044.37182 2564.99228 5730.51678 -44093.24355 -32939.96294 ] [ -2920.94612 2564.99228 84222.52024 10329.50848 1035.40132 14328.85177 ] [ 35.97538 5730.51678 10329.50848 5419.12977 -2235.5025 -4383.82793 ] [ 5648.39477 -44093.24355 1035.40132 -2235.5025 47146.23996 21752.68332 ] [ 4158.5787 -32939.96294 14328.85177 -4383.82793 21752.68332 32104.38845 ] ] ]

State
Pi 0.417423
A 0.004627 0.010061 0.985312 
MultiGaussianOPDF [ [ 3722.54541 -101.2803 -476.72643 4110.44972 -758.62671 378.82716 ] [ [ 420969.30981 -438460.04176 152825.41899 229520.51418 268462.59844 73502.18263 ] [ -438460.04176 1671243.01056 -104996.35566 -283617.64653 -525057.73624 -107551.87438 ] [ 152825.41899 -104996.35566 663869.50521 1526.55739 421332.83028 280416.07991 ] [ 229520.51418 -283617.64653 1526.55739 361441.58571 266820.71628 -8295.39166 ] [ 268462.59844 -525057.73624 421332.83028 266820.71628 1458142.47975 229261.40531 ] [ 73502.18263 -107551.87438 280416.07991 -8295.39166 229261.40531 448953.03477 ] ] ]

LEFT_SHORYUKEN 1
Hmm v1.0

NbStates 5

State
Pi 0.023877
A 0.887276 0 0.013235 0.09949 0 
MultiGaussianOPDF [ [ -7435.72375 4456.50639 -9737.3678 ] [ [ 7040990.88599 -2359625.22712 9329827.74666 ] [ -2359625.22712 9116330.25391 -6968855.76668 ] [ 9329827.74666 -6968855.76668 39851726.33377 ] ] ]

State
Pi 0.023816
A 0.126869 0.854995 0.018136 0 0 
MultiGaussianOPDF [ [ -5193.21907 12525.68309 -29729.57823 ] [ [ 49579235.08334 6556674.50298 15134519.3986 ] [ 6556674.50298 23385382.3187 3112695.52406 ] [ 15134519.3986 3112695.52406 16295903.35088 ] ] ]

State
Pi 0.575698
A 0.00304 0.071815 0.880653 0.020339 0.024154 
MultiGaussianOPDF [ [ 3605.65876 616.0823 -6083.27289 ] [ [ 12068929.38566 3730455.36072 2133919.59983 ] [ 3730455.36072 28571435.72878 -10257844.39593 ] [ 2133919.59983 -10257844.39593 47349349.36778 ] ] ]

State
Pi 0.376609
A 0.001988 0 0.090066 0.907946 0 
MultiGaussianOPDF [ [ -1106.99627 723.56269 -2291.14681 ] [ [ 3748021.48553 -114835.66934 -1637010.91767 ] [ -114835.66934 2026234.27215 -575766.0273 ] [ -1637010.91767 -575766.0273 3957667.52555 ] ] ]

State
Pi 0
A 0.098161 0 0 0 0.901839 
MultiGaussianOPDF [ [ -12809.65828 -2869.81155 -27298.39803 ] [ [ 45178190.42087 -15437095.38927 22622285.77498 ] [ -15437095.38927 24046521.97459 3047007.7142 ] [ 22622285.77498 3047007.7142 29874342.58574 ] ] ]

SUMO_HEADBUTT 1
Hmm v1.0

NbStates 7

State
Pi 0
A 0.839649 0 0.15102 0 0 0.003213 0.006117 
MultiGaussianOPDF [ [ -1518.97522 -1089.65041 2376.74082 -1261.31931 458.05242 2304.62237 ] [ [ 5384768.47198 1290683.43554 695240.81745 2401209.04134 -979002.19284 -410433.52299 ] [ 1290683.43554 5936800.39022 1207985.16337 821668.45952 -3869979.08283 -385066.2856 ] [ 695240.81745 1207985.16337 1653134.55441 377204.49119 -750763.49397 644395.42947 ] [ 2401209.04134 821668.45952 377204.49119 3738586.79683 164279.1161 -721154.52494 ] [ -979002.19284 -3869979.08283 -750763.49397 164279.1161 7681569.33579 211521.45056 ] [ -410433.52299 -385066.2856 644395.42947 -721154.52494 211521.45056 1493893.57092 ] ] ]

State
Pi 0.664498
A 0.068025 0.921134 0 0.001747 0.009086 0 0.000008 
MultiGaussianOPDF [ [ 3869.31945 2220.27205 2852.03538 4474.26098 -1893.1235 1541.52313 ] [ [ 1165163.4227 -262511.32181 227696.80387 1076194.08982 197235.91761 53544.47336 ] [ -262511.32181 1130233.86095 -279312.59804 -189145.61793 -760346.22615 -246275.61689 ] [ 227696.80387 -279312.59804 1086118.78691 643783.83316 337465.81942 620927.26246 ] [ 1076194.08982 -189145.61793 643783.83316 1656434.40651 185453.26158 178232.96135 ] [ 197235.91761 -760346.22615 337465.81942 185453.26158 1231915.17224 246474.21346 ] [ 53544.47336 -246275.61689 620927.26246 178232.96135 246474.21346 774627.32178 ] ] ]

State
Pi 0
A 0.008666 0 0.79535 0 0 0 0.195983 
MultiGaussianOPDF [ [ -8217.66456 1056.2975 2280.98253 -7787.61024 -2917.9198 4024.96874 ] [ [ 22594105.31048 -6391401.56844 -1191760.38318 4187956.76229 308286.29946 -3408155.47128 ] [ -6391401.56844 15675996.77704 1210910.55398 -1527600.3697 -3093373.40428 3348246.79827 ] [ -1191760.38318 1210910.55398 2610520.05911 -382565.07226 585865.36203 791774.57938 ] [ 4187956.76229 -1527600.3697 -382565.07226 11249993.02859 1527052.57163 -5957271.7747 ] [ 308286.29946 -3093373.40428 585865.36203 1527052.57163 6735665.14556 -1777456.46043 ] [ -3408155.47128 3348246.79827 791774.57938 -5957271.7747 -1777456.46043 5809593.04843 ] ] ]

State
Pi 0.057433
A 0 0 0 0.926592 0.060674 0.012734 0 
MultiGaussianOPDF [ [ 4039.57684 -1587.77991 273.1731 5217.69837 -592.41023 1915.34262 ] [ [ 1622309.08851 377470.85763 -711031.98344 1116986.45829 -697696.46915 248496.28932 ] [ 377470.85763 3585345.11491 -666987.38415 1329622.44609 -885271.09286 -495403.97073 ] [ -711031.98344 -666987.38415 1884779.06985 -918203.81576 543215.02371 570914.1514 ] [ 1116986.45829 1329622.44609 -918203.81576 3572234.63016 -1056103.47185 -451460.80331 ] [ -697696.46915 -885271.09286 543215.02371 -1056103.47185 2126943.79774 442536.42692 ] [ 248496.28932 -495403.97073 570914.1514 -451460.80331 442536.42692 2084960.72839 ] ] ]

State
Pi 0
A 0.035996 0 0 0 0.964004 0 0 
MultiGaussianOPDF [ [ 5804.5102 -2098.24148 405.74659 7251.64668 4527.4713 1884.56547 ] [ [ 2113266.73084 1011071.60345 216236.23451 1347719.67241 -1138004.86049 403859.70301 ] [ 1011071.60345 10993881.13087 6923042.85204 820024.04125 -6187651.24332 -655612.50679 ] [ 216236.23451 6923042.85204 15921938.71465 421549.17118 -10948357.21508 3904563.40036 ] [ 1347719.67241 820024.04125 421549.17118 4601019.55238 -625036.89716 485422.02272 ] [ -1138004.86049 -6187651.24332 -10948357.21508 -625036.89716 18905559.70167 -5361897.80629 ] [ 403859.70301 -655612.50679 3904563.40036 485422.02272 -5361897.80629 6032762.13152 ] ] ]

State
Pi 0.1984
A 0 0.002019 0 0.048541 0 0.94944 0 
MultiGaussianOPDF [ [ 2789.26168 749.78625 -1104.19631 3695.71043 -1457.99241 -235.93664 ] [ [ 1934189.26732 -550364.6625 -229105.84094 699154.25605 -489444.00074 -153188.08 ] [ -550364.6625 2555091.24686 -936825.10266 -209284.01147 -125761.68268 -942682.6082 ] [ -229105.84094 -936825.10266 1947512.88473 -35759.58855 -261006.77369 519730.38727 ] [ 699154.25605 -209284.01147 -35759.58855 1284900.29446 -503429.48208 -105174.56196 ] [ -489444.00074 -125761.68268 -261006.77369 -503429.48208 1434449.97707 236438.13435 ] [ -153188.08 -942682.6082 519730.38727 -105174.56196 236438.13435 1604224.72396 ] ] ]

State
Pi 0.07967
A 0.255903 0 0.00089 0 0 0.034119 0.709088 
MultiGaussianOPDF [ [ -3672.01718 5542.32565 -1540.07794 -1944.43726 -2261.90081 492.68984 ] [ [ 4563196.54585 -5937259.20319 -1027931.97091 2356448.25602 510375.62321 -3085335.22556 ] [ -5937259.20319 37363856.25393 1054324.20234 -6389438.77858 -3154879.27418 4463827.42665 ] [ -1027931.97091 1054324.20234 3436748.99254 -1622003.4092 -136477.58545 4067876.64638 ] [ 2356448.25602 -6389438.77858 -1622003.4092 10332793.31086 1564275.73034 -7821105.30301 ] [ 510375.62321 -3154879.27418 -136477.58545 1564275.73034 14406874.65659 1504969.09511 ] [ -3085335.22556 4463827.42665 4067876.64638 -7821105.30301 1504969.09511 13640374.02785 ] ] ]

NYAN_CAT 1
Hmm v1.0

NbStates 7

State
Pi 0.970301
A 0.845297 0.003827 0.031631 0.026467 0.000003 0.00183 0.090946 
MultiGaussianOPDF [ [ 3176.55353 -371.78749 1278.62718 2710.1929 1693.25347 -822.87562 ] [ [ 1904470.15437 -655037.53356 51651.06445 442501.3772 833176.66414 -528838.34278 ] [ -655037.53356 1916136.31065 309547.58871 381344.69824 -351785.89371 274352.49524 ] [ 51651.06445 309547.58871 5638673.63401 -434543.19603 260893.57963 -596146.53758 ] [ 442501.3772 381344.69824 -434543.19603 4709629.42588 1885377.22282 393403.12951 ] [ 833176.66414 -351785.89371 260893.57963 1885377.22282 3571982.17191 -1212702.4366 ] [ -528838.34278 274352.49524 -596146.53758 393403.12951 -1212702.4366 2821972.40682 ] ] ]

State
Pi 0.029699
A 0.0396 0.878422 0 0 0 0.081978 0 
MultiGaussianOPDF [ [ 2512.21689 -749.5126 -664.9317 -2659.36614 -1644.37432 6751.06243 ] [ [ 1394889.54792 -396920.47516 -450778.52272 379408.61222 61019.28055 -239142.83281 ] [ -396920.47516 854719.7203 -96542.2557 302872.74082 315783.14046 -127941.4792 ] [ -450778.52272 -96542.2557 3345473.16429 -115111.66268 -418956.13883 -1040834.21196 ] [ 379408.61222 302872.74082 -115111.66268 3861134.10116 1372843.25321 -2138681.56112 ] [ 61019.28055 315783.14046 -418956.13883 1372843.25321 1876950.18454 -966139.84269 ] [ -239142.83281 -127941.4792 -1040834.21196 -2138681.56112 -966139.84269 4591551.93908 ] ] ]

State
Pi 0
A 0.000319 0 0.840004 0.053927 0.10575 0 0 
MultiGaussianOPDF [ [ -4078.17083 2990.11669 4684.53748 2302.3813 2007.25954 -2449.54906 ] [ [ 6686800.05685 617485.65975 -3402657.61115 598061.15052 -49279.73065 594989.39086 ] [ 617485.65975 4792828.71782 3546779.71748 -169587.94159 475410.8391 -1042352.51032 ] [ -3402657.61115 3546779.71748 13336179.27076 -1476846.52614 -563442.84072 -2388824.35877 ] [ 598061.15052 -169587.94159 -1476846.52614 2762904.0231 1761714.19055 -358136.29364 ] [ -49279.73065 475410.8391 -563442.84072 1761714.19055 3464139.62757 -1821962.22631 ] [ 594989.39086 -1042352.51032 -2388824.35877 -358136.29364 -1821962.22631 3282473.81261 ] ] ]

State
Pi 0
A 0.019959 0 0 0.859303 0.096194 0.015397 0.009146 
MultiGaussianOPDF [ [ -2260.40169 385.25415 7652.00585 1852.33583 572.15066 -492.38143 ] [ [ 4098832.09872 -663284.67329 -1798236.6988 -868417.69588 -703272.22624 776063.46571 ] [ -663284.67329 2956682.03834 -700482.8532 1146109.37317 416997.4552 204787.85242 ] [ -1798236.6988 -700482.8532 5695898.70084 162935.86925 613852.49525 -2006632.68951 ] [ -868417.69588 1146109.37317 162935.86925 2600030.07692 1200936.01261 -274848.19053 ] [ -703272.22624 416997.4552 613852.49525 1200936.01261 1174671.18259 -772060.38595 ] [ 776063.46571 204787.85242 -2006632.68951 -274848.19053 -772060.38595 2443385.91962 ] ] ]

State
Pi 0
A 0 0.107637 0 0 0.834732 0.006389 0.051242 
MultiGaussianOPDF [ [ -2129.77633 1018.19378 6850.51946 -4683.00668 -2696.64147 2569.3798 ] [ [ 6841943.81318 -1560857.48129 -2486291.97469 641306.81972 -837603.15743 1394845.3448 ] [ -1560857.48129 7301056.16244 1015127.06026 440335.00834 -402431.9085 -4495868.08358 ] [ -2486291.97469 1015127.06026 9333654.62508 773784.04641 1537224.87614 -1934098.42761 ] [ 641306.81972 440335.00834 773784.04641 4022160.33255 1379157.27912 -1512981.08684 ] [ -837603.15743 -402431.9085 1537224.87614 1379157.27912 3180344.78424 -364571.68196 ] [ 1394845.3448 -4495868.08358 -1934098.42761 -1512981.08684 -364571.68196 11446517.57423 ] ] ]

State
Pi 0
A 0.007486 0.013375 0.115147 0.074837 0.002246 0.786909 0 
MultiGaussianOPDF [ [ -3141.37411 752.04691 2561.4198 -693.40367 -104.14787 5361.6882 ] [ [ 7599363.5518 -939703.8904 -4085647.67497 1278203.97069 1166818.98103 -543129.66568 ] [ -939703.8904 2093289.18486 514813.01416 254147.77497 -154368.43214 -153832.8803 ] [ -4085647.67497 514813.01416 14533568.39883 1558917.31696 807598.74008 -1251523.1614 ] [ 1278203.97069 254147.77497 1558917.31696 5230559.81385 2842410.36446 -4886786.30957 ] [ 1166818.98103 -154368.43214 807598.74008 2842410.36446 3620783.34373 -3010928.86213 ] [ -543129.66568 -153832.8803 -1251523.1614 -4886786.30957 -3010928.86213 9144796.07668 ] ] ]

State
Pi 0
A 0 0.056455 0 0 0.012127 0.064661 0.866757 
MultiGaussianOPDF [ [ 1973.27969 -664.73379 -121.65112 -4097.90105 -5000.26153 3698.54559 ] [ [ 6078997.89318 -1750724.14614 456561.97087 -1122748.52437 787753.12257 -3757836.15567 ] [ -1750724.14614 1944058.89557 581809.98596 140746.83136 319117.19931 1296697.20704 ] [ 456561.97087 581809.98596 7221640.43313 -1737652.64196 475979.1463 -3533468.6072 ] [ -1122748.52437 140746.83136 -1737652.64196 6173153.69695 -165870.20878 2862104.877 ] [ 787753.12257 319117.19931 475979.1463 -165870.20878 6717619.8469 -2574502.0612 ] [ -3757836.15567 1296697.20704 -3533468.6072 2862104.877 -2574502.0612 15088089.64175 ] ] ]

DOUBLE_LARIAT 1
Hmm v1.0

NbStates 7

State
Pi 0
A 0.915926 0.00246 0.024627 0 0 0.04875 0.008237 
MultiGaussianOPDF [ [ -8073.57745 987.53148 570.56868 -7937.45264 -1171.08907 2015.2504 ] [ [ 1676717.97152 -91888.0806 413441.77144 142231.98913 107881.29598 -133198.46442 ] [ -91888.0806 2050081.07651 86910.48516 -451637.26281 129286.35219 -251819.53526 ] [ 413441.77144 86910.48516 1433709.51087 -72098.93984 -98672.22735 159446.75574 ] [ 142231.98913 -451637.26281 -72098.93984 1115551.03189 68027.06601 179892.75474 ] [ 107881.29598 129286.35219 -98672.22735 68027.06601 997696.76096 -71106.71656 ] [ -133198.46442 -251819.53526 159446.75574 179892.75474 -71106.71656 842495.09193 ] ] ]

State
Pi 0
A 0 0.982893 0 0.009019 0.008088 0 0 
MultiGaussianOPDF [ [ -5380.01375 398.6662 5163.77258 -4677.36121 -1898.76888 4535.95732 ] [ [ 3552084.74017 -504440.15233 -1259191.62953 807145.47041 882013.69065 -279874.67769 ] [ -504440.15233 1900174.46294 -104351.8779 363864.17049 332420.95243 161237.14301 ] [ -1259191.62953 -104351.8779 1586108.60821 -541233.89906 -752753.92156 104953.63304 ] [ 807145.47041 363864.17049 -541233.89906 2760826.31159 1004384.4638 -200333.31093 ] [ 882013.69065 332420.95243 -752753.92156 1004384.4638 2093924.1556 376845.73806 ] [ -279874.67769 161237.14301 104953.63304 -200333.31093 376845.73806 780549.37341 ] ] ]

State
Pi 0.009548
A 0.057578 0 0.942422 0 0 0 0 
MultiGaussianOPDF [ [ -5362.93266 3895.34207 1366.29144 -5428.86494 2143.36343 3611.29425 ] [ [ 8741987.20026 3515222.06828 2645060.75186 1373297.91145 469179.72834 723703.72981 ] [ 3515222.06828 3357677.91459 1408643.42973 345984.63341 404487.55801 149747.68001 ] [ 2645060.75186 1408643.42973 1773074.93282 385479.24351 172422.52033 112811.56468 ] [ 1373297.91145 345984.63341 385479.24351 3638869.18457 1727778.82033 1406905.00431 ] [ 469179.72834 404487.55801 172422.52033 1727778.82033 2191949.27309 1165025.77516 ] [ 723703.72981 149747.68001 112811.56468 1406905.00431 1165025.77516 1627598.51296 ] ] ]

State
Pi 0.450342
A 0 0.014839 0.05064 0.932345 0.002176 0 0 
MultiGaussianOPDF [ [ -1522.26344 2945.00303 3017.03875 -765.88813 1262.49296 4489.7362 ] [ [ 1219823.45765 -87383.2591 -164274.30373 277701.61326 -350830.55744 -265921.87061 ] [ -87383.2591 1341956.84918 -328497.09201 -41021.0728 569206.9683 161829.32412 ] [ -164274.30373 -328497.09201 495270.33161 27710.31018 -164218.72097 -39867.5052 ] [ 277701.61326 -41021.0728 27710.31018 1453632.8343 -836853.96754 -68472.21566 ] [ -350830.55744 569206.9683 -164218.72097 -836853.96754 1457251.42594 279209.40127 ] [ -265921.87061 161829.32412 -39867.5052 -68472.21566 279209.40127 510502.98786 ] ] ]

State
Pi 0.54011
A 0 0.017264 0 0.005757 0.942584 0 0.034395 
MultiGaussianOPDF [ [ -1178.92309 -1320.61687 4532.84415 -1081.42111 -3482.27483 2711.19273 ] [ [ 1898546.96742 953805.9427 -79805.92938 1185305.84602 -11556.2317 183957.67695 ] [ 953805.9427 1673144.40514 -236627.26134 725453.397 410206.50485 249056.99801 ] [ -79805.92938 -236627.26134 770522.76031 -190308.51427 -648926.76446 129525.37391 ] [ 1185305.84602 725453.397 -190308.51427 1962248.57342 -102887.51295 -133930.79511 ] [ -11556.2317 410206.50485 -648926.76446 -102887.51295 1604874.43129 212368.4917 ] [ 183957.67695 249056.99801 129525.37391 -133930.79511 212368.4917 781978.79467 ] ] ]

State
Pi 0
A 0.033118 0 0 0 0 0.950088 0.016794 
MultiGaussianOPDF [ [ -9740.42496 971.59238 195.70592 -9774.75936 -1606.70289 236.9277 ] [ [ 1824752.00914 -139357.59877 171870.35089 -510168.94419 184347.74365 -311780.15431 ] [ -139357.59877 1262511.67633 -42570.53682 87862.9966 119218.87445 -30546.46025 ] [ 171870.35089 -42570.53682 1692300.90674 416442.57898 -148418.00232 -43984.36031 ] [ -510168.94419 87862.9966 416442.57898 3014838.19391 -85748.00394 384674.67151 ] [ 184347.74365 119218.87445 -148418.00232 -85748.00394 755446.20399 48063.13082 ] [ -311780.15431 -30546.46025 -43984.36031 384674.67151 48063.13082 1128966.83514 ] ] ]

State
Pi 0
A 0.009376 0 0 0 0.001346 0.029802 0.959475 
MultiGaussianOPDF [ [ -7017.84745 -1635.00722 1406.83828 -4914.71036 -4210.18053 924.32476 ] [ [ 5708285.26067 -3469912.18666 2783019.47631 1643806.37464 128241.084 851935.46145 ] [ -3469912.18666 4032941.98569 -2370203.03255 -1509585.27192 336007.34663 -562637.51679 ] [ 2783019.47631 -2370203.03255 2744000.63708 1516688.18547 -385522.00589 724254.46708 ] [ 1643806.37464 -1509585.27192 1516688.18547 6584502.26962 -1360484.44981 1471510.3588 ] [ 128241.084 336007.34663 -385522.00589 -1360484.44981 1263266.33002 -186458.6764 ] [ 851935.46145 -562637.51679 724254.46708 1471510.3588 -186458.6764 978070.03226 ] ] ]

RIGHT_JAB 1
Hmm v1.0

NbStates 5

State
Pi 0.032096
A 0.849761 0 0 0.150239 0 
MultiGaussianOPDF [ [ -5690.3442 -604.66591 3293.55183 ] [ [ 8218512.61588 -3083418.94706 -2442650.9941 ] [ -3083418.94706 8959285.1785 1376147.62553 ] [ -2442650.9941 1376147.62553 2666273.21396 ] ] ]

State
Pi 0.773475
A 0 0.77911 0.208438 0.004721 0.007731 
MultiGaussianOPDF [ [ 3619.61652 -2511.29488 1698.39861 ] [ [ 929635.4184 -95184.14036 340528.64873 ] [ -95184.14036 902117.17765 480196.78498 ] [ 340528.64873 480196.78498 1377199.96141 ] ] ]

State
Pi 0.194353
A 0 0 0.78973 0.002326 0.207944 
MultiGaussianOPDF [ [ 6307.71185 -2518.39832 1018.68859 ] [ [ 998194.10478 158076.56461 24533.32092 ] [ 158076.56461 3197845.34607 1296577.13265 ] [ 24533.32092 1296577.13265 1904150.05467 ] ] ]

State
Pi 0.000075
A 0.201012 0 0 0.798988 0 
MultiGaussianOPDF [ [ -1010.33221 1057.16413 2361.2029 ] [ [ 801088.6257 138325.24417 -25129.00443 ] [ 138325.24417 3012814.24672 -599150.78584 ] [ -25129.00443 -599150.78584 1304538.36447 ] ] ]

State
Pi 0
A 0 0 0 0.236977 0.763023 
MultiGaussianOPDF [ [ 4779.65305 1380.91042 272.72522 ] [ [ 4897433.91474 299607.69426 -44045.7863 ] [ 299607.69426 2356634.96191 172425.58261 ] [ -44045.7863 172425.58261 1095595.95259 ] ] ]

TWO_HANDED_ONE_HUNDRED_HAND_SLAP 1
Hmm v1.0

NbStates 7

State
Pi 0.295718
A 0.558243 0.013912 0.169501 0.111538 0.105287 0 0.041518 
MultiGaussianOPDF [ [ -4454.5701 1665.3497 7727.41327 -5544.81619 -1705.5049 1673.85184 ] [ [ 15035178.39593 -3342579.96734 -11523103.84379 10631906.17147 2180750.44008 -189250.01337 ] [ -3342579.96734 9631422.4623 11415741.12479 -3806498.30806 -57537.40593 -1456924.1738 ] [ -11523103.84379 11415741.12479 41158955.94517 -9904277.86439 297151.25915 -1712749.64672 ] [ 10631906.17147 -3806498.30806 -9904277.86439 14215043.82266 2431183.83402 628239.67646 ] [ 2180750.44008 -57537.40593 297151.25915 2431183.83402 5336314.29568 -7141758.35142 ] [ -189250.01337 -1456924.1738 -1712749.64672 628239.67646 -7141758.35142 14600758.76301 ] ] ]

State
Pi 0.099853
A 0.03181 0.766442 0 0.022294 0 0.034854 0.144599 
MultiGaussianOPDF [ [ -6249.52107 -1989.10227 -3862.90724 -6401.1417 901.38113 -3276.98018 ] [ [ 23072564.96939 -9691819.2081 -24079213.63443 5585468.96583 21992.32004 -537484.2869 ] [ -9691819.2081 9662857.77839 18658854.36046 441666.96889 2843072.27725 -3047895.59254 ] [ -24079213.63443 18658854.36046 62960363.80902 2790129.66738 6405225.44894 -6421434.51539 ] [ 5585468.96583 441666.96889 2790129.66738 8846550.16313 7650169.36409 -12843334.70206 ] [ 21992.32004 2843072.27725 6405225.44894 7650169.36409 29250827.63974 -40644126.13059 ] [ -537484.2869 -3047895.59254 -6421434.51539 -12843334.70206 -40644126.13059 71002305.54054 ] ] ]

State
Pi 0
A 0.066125 0 0.744563 0 0.008423 0.180889 0 
MultiGaussianOPDF [ [ -7950.92447 1261.68352 5594.88185 -8915.04124 -9983.6927 14764.83264 ] [ [ 10878669.76767 -5552036.46372 -10987478.03786 1162595.58485 1483198.96545 -1227217.0016 ] [ -5552036.46372 11502349.59304 23895246.39836 876142.42208 -776380.49689 -794168.11713 ] [ -10987478.03786 23895246.39836 89489515.87327 6262502.51919 -2046011.5033 -855668.97809 ] [ 1162595.58485 876142.42208 6262502.51919 12206023.33982 188818.85542 7695542.13506 ] [ 1483198.96545 -776380.49689 -2046011.5033 188818.85542 11843064.76202 -7954282.55287 ] [ -1227217.0016 -794168.11713 -855668.97809 7695542.13506 -7954282.55287 30875089.82185 ] ] ]

State
Pi 0.202884
A 0.108253 0.003213 0 0.882226 0 0 0.006308 
MultiGaussianOPDF [ [ -2689.94413 3609.69847 11345.04707 -1695.04918 4268.51223 -8286.77605 ] [ [ 2615023.61762 -1133772.04766 1186880.1826 355522.99547 -368308.17132 437449.40535 ] [ -1133772.04766 11195535.66776 5873584.61989 -1402488.07128 1699145.14195 -2049754.67213 ] [ 1186880.1826 5873584.61989 15501526.55174 252334.94492 1792182.17619 -4723384.35257 ] [ 355522.99547 -1402488.07128 252334.94492 3727137.05822 1577952.63155 -2871581.0397 ] [ -368308.17132 1699145.14195 1792182.17619 1577952.63155 4874079.81546 -5282386.75638 ] [ 437449.40535 -2049754.67213 -4723384.35257 -2871581.0397 -5282386.75638 15066769.54619 ] ] ]

State
Pi 0.401542
A 0.080604 0.013759 0.005832 0 0.888147 0.011657 0 
MultiGaussianOPDF [ [ -1644.40663 -1254.068 -2157.4167 -4410.22325 -4291.10078 12359.84629 ] [ [ 2426520.54548 -1047154.22255 -113517.26557 701321.75776 548392.29764 -2164514.7213 ] [ -1047154.22255 7684228.30029 11583861.00428 -356971.9753 -547371.17783 -357190.57245 ] [ -113517.26557 11583861.00428 35066204.93901 -843365.1873 -349547.54067 -8378132.57105 ] [ 701321.75776 -356971.9753 -843365.1873 3327657.20698 322873.66711 2614770.31082 ] [ 548392.29764 -547371.17783 -349547.54067 322873.66711 4603039.65138 -1842200.27168 ] [ -2164514.7213 -357190.57245 -8378132.57105 2614770.31082 -1842200.27168 26590576.12659 ] ] ]

State
Pi 0
A 0 0.142261 0.030749 0 0.009998 0.816991 0 
MultiGaussianOPDF [ [ -2020.99695 -3997.67062 -16610.79254 -7363.96907 -9091.18746 17167.18203 ] [ [ 8311316.14364 572570.52534 -3794151.50852 -817680.37402 2774425.44328 -960591.44104 ] [ 572570.52534 11414013.51816 -4889417.46196 -1803.56886 -569422.16919 1454529.85592 ] [ -3794151.50852 -4889417.46196 34168604.74093 -1081018.87358 422707.13933 -7686973.24536 ] [ -817680.37402 -1803.56886 -1081018.87358 4496770.82085 -516580.37175 4746571.99178 ] [ 2774425.44328 -569422.16919 422707.13933 -516580.37175 13654073.18696 -5843412.85001 ] [ -960591.44104 1454529.85592 -7686973.24536 4746571.99178 -5843412.85001 29357547.8503 ] ] ]

State
Pi 0.000004
A 0.132956 0.021387 0 0 0 0 0.845657 
MultiGaussianOPDF [ [ -10327.6052 3892.29808 18092.05073 -5148.12438 7460.47636 -14100.18215 ] [ [ 9987666.32623 820781.91879 3697278.84096 -1411491.20042 -453899.4697 5063683.10053 ] [ 820781.91879 20070288.04575 3416788.31408 -4748086.29725 4535378.65983 -3765511.54701 ] [ 3697278.84096 3416788.31408 20344127.12382 34395.41936 2344954.40254 -4489897.47483 ] [ -1411491.20042 -4748086.29725 34395.41936 10355322.83073 887319.00503 -4287590.36522 ] [ -453899.4697 4535378.65983 2344954.40254 887319.00503 13926336.41283 -9100210.62012 ] [ 5063683.10053 -3765511.54701 -4489897.47483 -4287590.36522 -9100210.62012 33796478.14716 ] ] ]

LEFT_ONE_HUNDRED_HAND_SLAP 1
Hmm v1.0

NbStates 5

State
Pi 0.112242
A 0.859386 0.139818 0 0 0.000797 
MultiGaussianOPDF [ [ -2854.46158 -3557.84197 -12911.41448 ] [ [ 7772947.60971 -1063506.30628 -2890820.77989 ] [ -1063506.30628 9596624.53882 1935555.37042 ] [ -2890820.77989 1935555.37042 13182697.7779 ] ] ]

State
Pi 0.00062
A 0.180587 0.652218 0.028267 0.138929 0 
MultiGaussianOPDF [ [ -7516.15366 -505.78664 -3151.34005 ] [ [ 13288314.56332 -4488391.99218 -4315222.1417 ] [ -4488391.99218 4392594.43317 3873625.88601 ] [ -4315222.1417 3873625.88601 14515929.9632 ] ] ]

State
Pi 0.706921
A 0.000001 0.128356 0.808037 0.023666 0.039941 
MultiGaussianOPDF [ [ -1436.08121 2233.52345 7022.42854 ] [ [ 7753708.94475 -710524.17939 -337808.27459 ] [ -710524.17939 5910707.68114 4366991.22255 ] [ -337808.27459 4366991.22255 22224552.42912 ] ] ]

State
Pi 0.180217
A 0.004705 0.115813 0 0.754977 0.124504 
MultiGaussianOPDF [ [ -11259.31287 3226.28235 9656.26438 ] [ [ 14582705.33779 799766.44258 89351.66166 ] [ 799766.44258 15720076.60453 219412.90046 ] [ 89351.66166 219412.90046 24497396.08355 ] ] ]

State
Pi 0
A 0.00107 0 0.058894 0.086055 0.85398 
MultiGaussianOPDF [ [ -4401.46225 2143.41028 21121.80079 ] [ [ 25833732.7123 -2006622.33553 -2951902.30836 ] [ -2006622.33553 10479642.11273 3029411.14145 ] [ -2951902.30836 3029411.14145 13096633.46002 ] ] ]

SUCK_IT 1
Hmm v1.0

NbStates 7

State
Pi 0
A 0.674677 0 0.325323 0 0 0 0 
MultiGaussianOPDF [ [ -7854.70899 23492.01213 -10414.27528 -4584.56041 -15623.25645 -9086.89493 ] [ [ 22943012.46245 -3855028.44108 13319089.93407 2506695.4401 276653.98961 8366191.25956 ] [ -3855028.44108 66566848.76019 -13233157.87445 2850975.48541 -31831822.50483 -6451141.75721 ] [ 13319089.93407 -13233157.87445 72855788.87113 8116375.82175 47635.19847 35515570.22487 ] [ 2506695.4401 2850975.48541 8116375.82175 14647556.38098 4282466.19284 10378421.95158 ] [ 276653.98961 -31831822.50483 47635.19847 4282466.19284 80081653.80883 15620088.07649 ] [ 8366191.25956 -6451141.75721 35515570.22487 10378421.95158 15620088.07649 53510801.25062 ] ] ]

State
Pi 0
A 0.298359 0.70137 0.000271 0 0 0 0 
MultiGaussianOPDF [ [ -15319.48082 8035.51796 -8577.44632 -13302.89627 -15046.39652 -12915.83589 ] [ [ 18073945.38962 1755477.64189 2850141.14306 10255965.70572 -1253760.50696 13483588.76887 ] [ 1755477.64189 83067388.18516 -7040965.00192 21882727.66084 -42418395.37731 11106681.41455 ] [ 2850141.14306 -7040965.00192 17475663.09599 -401633.79334 4972818.2346 1794883.69438 ] [ 10255965.70572 21882727.66084 -401633.79334 35537174.0351 -28969019.03001 8591425.56917 ] [ -1253760.50696 -42418395.37731 4972818.2346 -28969019.03001 90589331.86239 19466183.05662 ] [ 13483588.76887 11106681.41455 1794883.69438 8591425.56917 19466183.05662 67932203.08208 ] ] ]

State
Pi 0
A 0 0.004527 0.909605 0 0.085867 0 0 
MultiGaussianOPDF [ [ -4082.83749 10040.59313 -7218.32475 -5275.0385 -9469.17091 -7183.47327 ] [ [ 8237242.89039 3499180.99798 3839678.83178 4927390.89012 -7050447.07422 -741456.37017 ] [ 3499180.99798 20215033.43735 5928987.29725 1575762.78087 -14784498.55053 3299193.9052 ] [ 3839678.83178 5928987.29725 9677664.55168 3658136.48624 -5457600.28394 6786679.76128 ] [ 4927390.89012 1575762.78087 3658136.48624 5922138.0747 -2833735.18807 1655828.12545 ] [ -7050447.07422 -14784498.55053 -5457600.28394 -2833735.18807 22079167.28847 158410.33186 ] [ -741456.37017 3299193.9052 6786679.76128 1655828.12545 158410.33186 11962672.41843 ] ] ]

State
Pi 0.316528
A 0 0 0 0.770847 0.000237 0 0.228916 
MultiGaussianOPDF [ [ -2972.12865 -7541.78875 -403.09379 -3232.68484 7935.11688 -443.40685 ] [ [ 7760889.70084 -193159.11817 1084058.41638 5058589.7669 841603.43342 508087.78285 ] [ -193159.11817 8994483.08463 -2060416.13891 -809396.85824 -5462489.54173 -1510445.35917 ] [ 1084058.41638 -2060416.13891 3271756.32133 1058619.49821 2057323.75426 1831336.81757 ] [ 5058589.7669 -809396.85824 1058619.49821 7621730.68492 571632.71938 1162795.99833 ] [ 841603.43342 -5462489.54173 2057323.75426 571632.71938 9094080.9948 2320764.15971 ] [ 508087.78285 -1510445.35917 1831336.81757 1162795.99833 2320764.15971 2437282.60095 ] ] ]

State
Pi 0.009121
A 0 0.303205 0 0.038979 0.657815 0 0 
