27
RIGHT_UPPERCUT 1
Hmm v1.0

NbStates 5

State
Pi 0
A 0.939516 0.04174 0.018594 0.000151 0 
MultiGaussianOPDF [ [ -17279.10171 -4305.22736 -1053.45946 ] [ [ 74708176.35208 9188662.4529 20087540.52728 ] [ 9188662.4529 70689707.57313 80239706.7313 ] [ 20087540.52728 80239706.7313 149543454.95794 ] ] ]

State
Pi 0.781501
A 0 0.839228 0.160399 0.000373 0 
MultiGaussianOPDF [ [ 1502.60533 -2338.10756 -9561.17099 ] [ [ 5756590.48884 -56128.72927 915049.8969 ] [ -56128.72927 7351977.09071 757388.45335 ] [ 915049.8969 757388.45335 15638105.98921 ] ] ]

State
Pi 0.071153
A 0 0.021632 0.750474 0.125667 0.102226 
MultiGaussianOPDF [ [ -1118.89026 -2570.68979 -18003.28292 ] [ [ 27158334.48624 -9260125.27965 3841625.70181 ] [ -9260125.27965 22776535.87075 440901.05008 ] [ 3841625.70181 440901.05008 9151200.16039 ] ] ]

State
Pi 0.147346
A 0 0.03188 0.021941 0.945738 0.00044 
MultiGaussianOPDF [ [ -8772.15424 -2717.73749 -14496.80043 ] [ [ 8138863.31725 954692.85529 1291840.80211 ] [ 954692.85529 3821100.59303 4055099.75232 ] [ 1291840.80211 4055099.75232 23233368.67024 ] ] ]

State
Pi 0
A 0.083651 0 0 0 0.916349 
MultiGaussianOPDF [ [ -13006.7682 -5539.58276 -29726.97316 ] [ [ 116437285.5639 21831860.33052 5313717.13804 ] [ 21831860.33052 79259660.10867 -5906493.30483 ] [ 5313717.13804 -5906493.30483 16164867.8562 ] ] ]

TWO_HANDED_BLOCK 1
Hmm v1.0

NbStates 8

State
Pi 0.129612
A 0.956416 0 0.024155 0.006707 0 0.012722 0 0 
MultiGaussianOPDF [ [ 3841.25213 559.00437 1353.58836 4012.4256 454.47981 764.50892 ] [ [ 672201.04628 -268621.4551 -358202.23038 268479.06069 -426450.73399 -225982.91847 ] [ -268621.4551 1049089.62725 372305.79296 156809.42328 496313.75285 -19367.8759 ] [ -358202.23038 372305.79296 659723.56358 20232.43781 222336.23895 175145.54216 ] [ 268479.06069 156809.42328 20232.43781 362464.70743 -126842.69455 -187985.74874 ] [ -426450.73399 496313.75285 222336.23895 -126842.69455 959303.05522 202727.83998 ] [ -225982.91847 -19367.8759 175145.54216 -187985.74874 202727.83998 429840.75614 ] ] ]

State
Pi 0.169581
A 0 0.968658 0.022199 0 0.009143 0 0 0 
MultiGaussianOPDF [ [ 2521.10816 2864.59822 720.30417 2416.92334 -1956.21537 -120.47094 ] [ [ 2292221.96493 -1361146.58915 -435571.5617 -230808.26296 -702284.3269 -280558.17758 ] [ -1361146.58915 2324946.08828 -546003.88624 303726.6617 303858.20851 94663.19058 ] [ -435571.5617 -546003.88624 2319856.47293 176885.74858 31887.18831 473235.84845 ] [ -230808.26296 303726.6617 176885.74858 1575742.08564 809828.89651 89227.56876 ] [ -702284.3269 303858.20851 31887.18831 809828.89651 1526703.35918 435066.55254 ] [ -280558.17758 94663.19058 473235.84845 89227.56876 435066.55254 1710903.72305 ] ] ]

State
Pi 0.173295
A 0.015665 0.004217 0.920652 0 0.004065 0 0.052281 0.00312 
MultiGaussianOPDF [ [ 3309.86668 1213.89254 -735.18091 3605.34095 -1360.56531 -76.45587 ] [ [ 524029.87001 -241936.05426 -43178.23318 128580.72703 395494.46113 -79580.14238 ] [ -241936.05426 1039431.93895 223957.23957 -107261.708 -983408.9242 181070.81717 ] [ -43178.23318 223957.23957 637657.86934 -209964.55603 -135691.23971 210517.45121 ] [ 128580.72703 -107261.708 -209964.55603 430679.82131 194367.48583 -177119.22101 ] [ 395494.46113 -983408.9242 -135691.23971 194367.48583 2146529.90414 -325561.22636 ] [ -79580.14238 181070.81717 210517.45121 -177119.22101 -325561.22636 494569.84688 ] ] ]

State
Pi 0.071
A 0.008336 0 0.000001 0.991663 0 0 0 0 
MultiGaussianOPDF [ [ 3965.94176 -642.26989 -305.08063 4440.23292 -137.53557 762.30031 ] [ [ 16965.8781 -5112.09457 -4108.19783 5576.10772 3040.1797 3953.13763 ] [ -5112.09457 104738.68229 -19354.65049 -1422.06737 -26631.06672 -271.08095 ] [ -4108.19783 -19354.65049 114408.60571 -10138.23848 11721.49674 34384.49647 ] [ 5576.10772 -1422.06737 -10138.23848 18278.99176 12298.5549 -10541.68862 ] [ 3040.1797 -26631.06672 11721.49674 12298.5549 72653.09197 -20498.6708 ] [ 3953.13763 -271.08095 34384.49647 -10541.68862 -20498.6708 51363.3469 ] ] ]

State
Pi 0.110368
A 0 0 0 0 1 0 0 0 
MultiGaussianOPDF [ [ 3946.43633 1826.09996 60.95989 3370.57447 -1616.14301 -1045.24553 ] [ [ 5804.17892 -2383.31812 -4188.22201 1342.67447 861.00021 -1933.27398 ] [ -2383.31812 13777.73229 -776.66035 1963.67335 1783.96592 -7883.11848 ] [ -4188.22201 -776.66035 19723.9239 -1797.76506 -1225.63627 -1050.09732 ] [ 1342.67447 1963.67335 -1797.76506 7023.7638 4128.1857 -7565.90775 ] [ 861.00021 1783.96592 -1225.63627 4128.1857 19406.82792 -19170.85783 ] [ -1933.27398 -7883.11848 -1050.09732 -7565.90775 -19170.85783 91086.76109 ] ] ]

State
Pi 0.199466
A 0.002337 0 0 0 0 0.996666 0.000996 0 
MultiGaussianOPDF [ [ 4486.41774 531.89285 347.2358 4111.14357 -12.99684 285.41938 ] [ [ 3858.53548 -9605.44547 -2523.9191 -13.41099 5775.33062 4409.98372 ] [ -9605.44547 67917.31644 3090.74111 5422.00999 -44226.82029 -32539.38774 ] [ -2523.9191 3090.74111 82295.13316 10649.2134 778.46348 13318.36813 ] [ -13.41099 5422.00999 10649.2134 4899.93543 -2050.28647 -3895.77805 ] [ 5775.33062 -44226.82029 778.46348 -2050.28647 47092.06607 21657.33193 ] [ 4409.98372 -32539.38774 13318.36813 -3895.77805 21657.33193 31183.86595 ] ] ]

State
Pi 0.105725
A 0 0 0.005807 0 0 0.004804 0.989389 0 
MultiGaussianOPDF [ [ 4237.25482 698.97004 -34.27034 4068.82142 -366.89273 -557.80791 ] [ [ 84121.58772 -11129.62893 -61962.62732 34658.9468 -29177.83842 -44983.085 ] [ -11129.62893 383937.12087 -5832.76226 42174.43592 -32406.37592 52054.26674 ] [ -61962.62732 -5832.76226 406930.06015 -8683.26665 121842.73748 151493.56119 ] [ 34658.9468 42174.43592 -8683.26665 83654.6689 30695.34317 -13741.2311 ] [ -29177.83842 -32406.37592 121842.73748 30695.34317 360488.23439 51882.06709 ] [ -44983.085 52054.26674 151493.56119 -13741.2311 51882.06709 359921.38538 ] ] ]

State
Pi 0.040955
A 0 0 0 0.001362 0 0 0 0.998638 
MultiGaussianOPDF [ [ 3962.91664 -1555.35224 -780.3751 4131.26827 -1422.21429 40.34311 ] [ [ 177052.83363 -21352.92999 -59504.98504 185975.78566 -187285.01326 10133.94319 ] [ -21352.92999 817870.34092 -3333.58826 125051.8468 128136.8833 -27176.50221 ] [ -59504.98504 -3333.58826 359225.21655 -14677.75797 165485.7652 5351.01562 ] [ 185975.78566 125051.8468 -14677.75797 462192.26717 -75007.09045 7349.31358 ] [ -187285.01326 128136.8833 165485.7652 -75007.09045 1018771.16851 -64050.28448 ] [ 10133.94319 -27176.50221 5351.01562 7349.31358 -64050.28448 150438.33556 ] ] ]

LEFT_HOOK 1
Hmm v1.0

NbStates 5

State
Pi 0
A 0.88583 0 0 0.002899 0.111271 
MultiGaussianOPDF [ [ -17931.06141 -5583.57812 5218.36119 ] [ [ 75660506.10399 -12950516.21985 -18145882.25293 ] [ -12950516.21985 59675889.06307 14198875.42412 ] [ -18145882.25293 14198875.42412 24999286.67748 ] ] ]

State
Pi 0.53848
A 0.001369 0.927465 0.043459 0 0.027708 
MultiGaussianOPDF [ [ 3905.08239 2882.67719 -2564.56229 ] [ [ 5546755.70642 1438511.74495 3129386.74296 ] [ 1438511.74495 4480740.224 5503471.77674 ] [ 3129386.74296 5503471.77674 17642508.29489 ] ] ]

State
Pi 0.376839
A 0 0 0.961739 0.038261 0 
MultiGaussianOPDF [ [ 2546.52532 7470.93567 -10301.10737 ] [ [ 27611294.55788 4052712.2115 14305593.01116 ] [ 4052712.2115 9366158.32926 1968541.19622 ] [ 14305593.01116 1968541.19622 27211149.14666 ] ] ]

State
Pi 0
A 0.130755 0 0 0.869245 0 
MultiGaussianOPDF [ [ -13529.23309 22928.45065 -7221.89225 ] [ [ 125750230.40468 -17927109.96025 -38558772.64424 ] [ -17927109.96025 30729099.07366 1256861.17632 ] [ -38558772.64424 1256861.17632 34037818.16904 ] ] ]

State
Pi 0.084681
A 0 0.005375 0.01155 0.007472 0.975604 
MultiGaussianOPDF [ [ -1375.4648 11202.26275 5408.29473 ] [ [ 45822255.36496 -21100627.03901 -2723850.33048 ] [ -21100627.03901 51414449.61749 8404768.13018 ] [ -2723850.33048 8404768.13018 13487180.43036 ] ] ]

DOUBLE_LARIAT 1
Hmm v1.0

NbStates 8

State
Pi 0
A 0.972338 0.002955 0.009208 0 0 0 0.015499 0 
MultiGaussianOPDF [ [ -9385.21773 984.71556 527.03786 -9283.97326 -1293.43872 979.59593 ] [ [ 3170396.98031 -96205.00857 -105358.84732 728397.63201 268846.03362 115670.85371 ] [ -96205.00857 1475702.82517 47011.43014 -202475.84876 243322.61679 -13179.16765 ] [ -105358.84732 47011.43014 1755431.30334 -159382.5851 78138.66497 203963.27811 ] [ 728397.63201 -202475.84876 -159382.5851 2774934.00523 -61558.75586 763697.02516 ] [ 268846.03362 243322.61679 78138.66497 -61558.75586 1177888.61692 162505.41411 ] [ 115670.85371 -13179.16765 203963.27811 763697.02516 162505.41411 1612777.32822 ] ] ]

State
Pi 0
A 0.008406 0.988234 0 0 0 0.003359 0 0 
MultiGaussianOPDF [ [ -14807.21804 6372.35667 -2657.57608 -15441.38787 -4654.24292 -537.22752 ] [ [ 22841298.40074 -6908794.44055 4710391.11148 4994419.8583 3771011.83446 2866048.516 ] [ -6908794.44055 16645797.8656 -3335429.5881 4109786.26422 -4939383.0215 282244.00374 ] [ 4710391.11148 -3335429.5881 9744073.20593 -2572989.80172 1772064.1223 1363344.04631 ] [ 4994419.8583 4109786.26422 -2572989.80172 25734795.70177 2047254.26731 4968170.66522 ] [ 3771011.83446 -4939383.0215 1772064.1223 2047254.26731 17193580.94788 3374912.42624 ] [ 2866048.516 282244.00374 1363344.04631 4968170.66522 3374912.42624 4680783.00987 ] ] ]

State
Pi 0.092421
A 0.044995 0.009566 0.924252 0 0.003649 0.014455 0 0.003083 
MultiGaussianOPDF [ [ -5692.71004 4182.85695 1362.6565 -5644.9662 2324.50152 3614.10962 ] [ [ 6811084.20108 3375915.95201 1317158.79873 1151269.99469 668453.41331 470219.08618 ] [ 3375915.95201 6253174.09993 372306.74931 118178.59758 2194997.50266 894694.44058 ] [ 1317158.79873 372306.74931 1985508.73491 245721.89143 -247885.77461 109209.19907 ] [ 1151269.99469 118178.59758 245721.89143 5493931.20975 2228351.80804 1866403.29772 ] [ 668453.41331 2194997.50266 -247885.77461 2228351.80804 5170573.05621 1952972.67179 ] [ 470219.08618 894694.44058 109209.19907 1866403.29772 1952972.67179 2227698.30906 ] ] ]

State
Pi 0.392055
A 0 0 0 0.93857 0.013625 0 0.041589 0.006216 
MultiGaussianOPDF [ [ -1381.56419 -1600.88293 4508.42511 -1197.91412 -3532.55177 2654.41601 ] [ [ 2206771.39047 1397391.6348 76691.71102 1207275.43347 183946.26448 363298.8334 ] [ 1397391.6348 2516590.64649 -142671.13457 876734.66813 770201.14255 414863.23824 ] [ 76691.71102 -142671.13457 839441.0221 -165602.80312 -550431.93114 146645.69005 ] [ 1207275.43347 876734.66813 -165602.80312 1917688.42433 -79722.70714 -53701.21807 ] [ 183946.26448 770201.14255 -550431.93114 -79722.70714 1741773.26661 295214.60405 ] [ 363298.8334 414863.23824 146645.69005 -53701.21807 295214.60405 820988.12472 ] ] ]

State
Pi 0
A 0 0 0 0.009499 0.980124 0 0.000893 0.009484 
MultiGaussianOPDF [ [ -5229.79972 391.18817 5014.4846 -4539.56375 -1796.88327 4508.32688 ] [ [ 2356344.17381 5498.12716 -442446.59455 530615.03385 613721.28479 -48283.74219 ] [ 5498.12716 1447352.07275 -366122.69852 196461.49883 425752.10347 160196.5596 ] [ -442446.59455 -366122.69852 922738.59083 -244655.22739 -504215.77845 -122082.36027 ] [ 530615.03385 196461.49883 -244655.22739 1849258.7662 576424.73127 -886.69748 ] [ 613721.28479 425752.10347 -504215.77845 576424.73127 1697772.80907 408966.07482 ] [ -48283.74219 160196.5596 -122082.36027 -886.69748 408966.07482 635697.77217 ] ] ]

State
Pi 0
A 0.003375 0.006759 0.008096 0 0 0.98177 0 0 
MultiGaussianOPDF [ [ -16471.19275 -629.16249 4931.47015 -15577.54278 1844.13873 3043.67623 ] [ [ 48571773.0706 4468867.20984 -1437119.28273 38076882.76595 -12607865.28699 -1716559.97101 ] [ 4468867.20984 18326173.17505 705588.46695 10039552.6347 6767940.6144 281114.02182 ] [ -1437119.28273 705588.46695 7554047.12594 1184999.93111 -4534354.94511 -519473.85065 ] [ 38076882.76595 10039552.6347 1184999.93111 48459703.24785 -10381020.43663 -1860776.18121 ] [ -12607865.28699 6767940.6144 -4534354.94511 -10381020.43663 20236234.45294 1376481.22595 ] [ -1716559.97101 281114.02182 -519473.85065 -1860776.18121 1376481.22595 5763678.54583 ] ] ]

State
Pi 0.111183
A 0.03829 0 0 0.003281 0 0.017699 0.940731 0 
MultiGaussianOPDF [ [ -6815.77539 -1686.07466 1641.4411 -5070.1592 -4372.32931 763.35322 ] [ [ 6927667.13696 -3467539.34639 2303831.67703 1197157.40027 -92969.98192 210636.1364 ] [ -3467539.34639 5157714.18248 -2172186.06082 -727382.56034 1341097.40197 -62664.17685 ] [ 2303831.67703 -2172186.06082 3656792.10872 -148772.15901 202162.32184 737318.03336 ] [ 1197157.40027 -727382.56034 -148772.15901 6036814.28511 -2027296.54328 170558.69833 ] [ -92969.98192 1341097.40197 202162.32184 -2027296.54328 4054338.40211 1040115.02518 ] [ 210636.1364 -62664.17685 737318.03336 170558.69833 1040115.02518 1608218.97943 ] ] ]

State
Pi 0.404341
A 0 0 0.059329 0.001558 0.010778 0 0 0.928334 
MultiGaussianOPDF [ [ -1649.65044 3285.03731 3009.18142 -1021.06471 1652.12814 4499.57875 ] [ [ 1249441.04262 -241406.96098 -187957.98482 231371.67136 -406074.26325 -260385.52494 ] [ -241406.96098 2059336.02857 -413900.86927 -635287.99542 1214442.78271 319566.41067 ] [ -187957.98482 -413900.86927 576612.25601 179601.2713 -227935.43062 -105604.58494 ] [ 231371.67136 -635287.99542 179601.2713 1765203.19186 -1224993.24824 -110073.91917 ] [ -406074.26325 1214442.78271 -227935.43062 -1224993.24824 2198436.23528 405872.58374 ] [ -260385.52494 319566.41067 -105604.58494 -110073.91917 405872.58374 632087.41057 ] ] ]

LEFT_CHOP 1
Hmm v1.0

NbStates 5

State
Pi 0.020272
A 0.98665 0.008985 0.004365 0 0 
MultiGaussianOPDF [ [ -11618.88401 13576.11773 -7768.01734 ] [ [ 76798164.43642 -24152111.56541 7962195.40863 ] [ -24152111.56541 41252415.47874 -6097272.79375 ] [ 7962195.40863 -6097272.79375 29853747.83206 ] ] ]

State
Pi 0.817073
A 0.002308 0.863218 0 0.134474 0 
MultiGaussianOPDF [ [ -397.89592 -4246.21254 433.34897 ] [ [ 4439685.85042 252498.62817 936981.1036 ] [ 252498.62817 6526851.06389 -1335360.64907 ] [ 936981.1036 -1335360.64907 2934719.13549 ] ] ]

State
Pi 0
A 0.130655 0 0.815779 0.002438 0.051127 
MultiGaussianOPDF [ [ -13547.90247 -2992.62265 -5653.56022 ] [ [ 16157906.37942 -15823068.97612 3809677.7989 ] [ -15823068.97612 38684208.33295 -112488.16224 ] [ 3809677.7989 -112488.16224 5237955.80328 ] ] ]

State
Pi 0.162655
A 0 0 0.170631 0.75367 0.075699 
MultiGaussianOPDF [ [ -4964.95448 -9970.10037 -1453.68565 ] [ [ 10971400.31395 2711179.90668 -2026027.45335 ] [ 2711179.90668 11098683.75003 1149687.44651 ] [ -2026027.45335 1149687.44651 11753077.69248 ] ] ]

State
Pi 0
A 0.07826 0 0 0 0.92174 
MultiGaussianOPDF [ [ -24993.43448 -8899.12826 -5614.66654 ] [ [ 52073976.06529 -36406852.30174 17576129.53269 ] [ -36406852.30174 68634459.26126 -19891613.04334 ] [ 17576129.53269 -19891613.04334 50218528.69903 ] ] ]

RIGHT_JAB 1
Hmm v1.0

NbStates 5

State
Pi 0
A 0.874972 0.114375 0.000002 0.01065 0 
MultiGaussianOPDF [ [ 8742.7843 4683.14007 1187.93597 ] [ [ 6701943.92554 -1107073.61614 157032.92373 ] [ -1107073.61614 31041329.15081 -11874480.57731 ] [ 157032.92373 -11874480.57731 11738822.34495 ] ] ]

State
Pi 0
A 0 0.914419 0.085571 0 0.00001 
MultiGaussianOPDF [ [ -11369.36286 -95.95402 3827.51902 ] [ [ 85017483.89999 19405171.86309 -52403408.9489 ] [ 19405171.86309 69947668.65791 -2370007.11931 ] [ -52403408.9489 -2370007.11931 61334310.33909 ] ] ]

State
Pi 0.075927
A 0 0.023515 0.966116 0.002527 0.007842 
MultiGaussianOPDF [ [ -2188.36372 502.49842 2584.23036 ] [ [ 8080604.58103 635976.00289 -1946411.6326 ] [ 635976.00289 6002629.14541 -532407.2685 ] [ -1946411.6326 -532407.2685 2004523.12343 ] ] ]

State
Pi 0.084357
A 0.054968 0 0.181186 0.763847 0 
MultiGaussianOPDF [ [ 5833.45188 720.2063 831.25885 ] [ [ 3084645.88947 -957577.88558 543160.549 ] [ -957577.88558 3508737.93036 430327.62479 ] [ 543160.549 430327.62479 1804088.78547 ] ] ]

State
Pi 0.839716
A 0.026675 0 0.002272 0.111335 0.859718 
MultiGaussianOPDF [ [ 4574.68352 -2297.39195 2129.01967 ] [ [ 2722454.14646 -801546.12211 -134855.60903 ] [ -801546.12211 2205047.09115 1517219.35154 ] [ -134855.60903 1517219.35154 2691563.66356 ] ] ]

SONIC_BOOM 1
Hmm v1.0

NbStates 8

State
Pi 0.039235
A 0.93169 0.049407 0 0 0 0.011328 0 0.007575 
MultiGaussianOPDF [ [ -11227.84685 -4844.30702 1847.44939 -11410.99461 6092.22176 1492.16427 ] [ [ 55806004.02961 -27477216.13306 110257.54401 54018560.29381 3998507.63326 1878150.08329 ] [ -27477216.13306 33288596.95077 3230097.52807 -37434818.33334 -16912800.06244 -2419619.96389 ] [ 110257.54401 3230097.52807 9092174.08932 -3521729.09163 -4117295.89745 2629482.83384 ] [ 54018560.29381 -37434818.33334 -3521729.09163 76113451.48904 16789648.83195 3906584.68899 ] [ 3998507.63326 -16912800.06244 -4117295.89745 16789648.83195 28005693.75324 -905493.24366 ] [ 1878150.08329 -2419619.96389 2629482.83384 3906584.68899 -905493.24366 9353203.51388 ] ] ]

State
Pi 0.115825
A 0 0.950954 0.014473 0 0.02384 0.010733 0 0 
MultiGaussianOPDF [ [ -332.06998 1475.25831 2673.2306 -498.33947 -2461.79884 2711.97029 ] [ [ 2940410.48853 778149.03237 -918905.275 2746135.23133 -1556658.60676 -715392.92927 ] [ 778149.03237 5548490.2285 -1336858.12623 1395925.24765 -1768858.0722 -1633744.29929 ] [ -918905.275 -1336858.12623 4797996.10054 -1436599.58329 1953928.21288 2671241.41453 ] [ 2746135.23133 1395925.24765 -1436599.58329 4285541.19628 -1677539.09701 -2028939.87704 ] [ -1556658.60676 -1768858.0722 1953928.21288 -1677539.09701 6253968.58692 1611613.40576 ] [ -715392.92927 -1633744.29929 2671241.41453 -2028939.87704 1611613.40576 3807697.19217 ] ] ]

State
Pi 0.146838
A 0 0.008344 0.985467 0 0 0.005087 0.001102 0 
MultiGaussianOPDF [ [ 1062.74153 2569.32631 -3046.09093 2305.27105 -3162.66217 -4471.26823 ] [ [ 5704070.71237 -206350.26904 58184.81419 2976916.80758 -1887927.49347 1009196.07184 ] [ -206350.26904 2589947.1866 214973.88726 -1221938.36947 -1175639.02207 -1366944.54138 ] [ 58184.81419 214973.88726 3869119.42471 395075.42861 -131230.09587 2878965.50328 ] [ 2976916.80758 -1221938.36947 395075.42861 9190389.54674 -1008533.9845 7897.47609 ] [ -1887927.49347 -1175639.02207 -131230.09587 -1008533.9845 5868611.79129 2821001.93345 ] [ 1009196.07184 -1366944.54138 2878965.50328 7897.47609 2821001.93345 10100034.59896 ] ] ]

State
Pi 0
A 0.042348 0 0 0.880735 0 0 0.004048 0.072869 
MultiGaussianOPDF [ [ -14378.51119 7696.43552 -885.61635 -16655.7411 -7879.32705 -2045.54257 ] [ [ 14270070.63127 1111265.59897 1527346.44212 5287605.91646 -3637807.45395 -767925.90324 ] [ 1111265.59897 11108577.11926 -2233312.92103 1741372.91456 -5586331.36822 -5125112.9909 ] [ 1527346.44212 -2233312.92103 5790735.05465 -1007267.36588 344109.56575 3795189.93152 ] [ 5287605.91646 1741372.91456 -1007267.36588 10855933.56488 -1550366.85193 -2618162.23813 ] [ -3637807.45395 -5586331.36822 344109.56575 -1550366.85193 13436803.60119 5202831.34329 ] [ -767925.90324 -5125112.9909 3795189.93152 -2618162.23813 5202831.34329 9505957.41077 ] ] ]

State
Pi 0.504784
A 0 0.005119 0 0 0.849015 0.028777 0.117089 0 
MultiGaussianOPDF [ [ -2973.00032 5740.90349 2945.48228 -2659.83677 -6912.04412 496.56605 ] [ [ 1605947.9669 587183.56044 84155.22684 1327723.65918 -334343.44965 261237.48165 ] [ 587183.56044 4369274.60214 -665828.66169 752407.78041 -2453734.71541 -1109020.12269 ] [ 84155.22684 -665828.66169 3422410.92016 924488.29761 -1215303.85789 1313390.65155 ] [ 1327723.65918 752407.78041 924488.29761 2446041.99161 -1384140.31835 357768.23309 ] [ -334343.44965 -2453734.71541 -1215303.85789 -1384140.31835 4319388.72875 779787.29813 ] [ 261237.48165 -1109020.12269 1313390.65155 357768.23309 779787.29813 2198148.47048 ] ] ]

State
Pi 0.133813
A 0 0 0.002576 0.047344 0.032227 0.899285 0.018567 0 
MultiGaussianOPDF [ [ -6003.62933 4250.3064 879.64681 -8351.26472 -4123.92224 -923.57237 ] [ [ 8775825.14428 913428.51453 918510.37709 2362722.52872 -3568061.0672 -2476244.2811 ] [ 913428.51453 4433085.37852 -237665.91857 42571.36206 -2006409.20796 -1866145.81751 ] [ 918510.37709 -237665.91857 3841490.89081 54287.05725 -171194.65795 2332988.93312 ] [ 2362722.52872 42571.36206 54287.05725 9806638.97964 -742678.83707 -1484489.36099 ] [ -3568061.0672 -2006409.20796 -171194.65795 -742678.83707 7145095.00251 2385876.11679 ] [ -2476244.2811 -1866145.81751 2332988.93312 -1484489.36099 2385876.11679 8622692.87974 ] ] ]

State
Pi 0.059505
A 0 0 0 0.182182 0 0.002335 0.815482 0 
MultiGaussianOPDF [ [ -4824.45169 10501.66652 269.34994 -5131.16672 -10607.38727 -2717.65802 ] [ [ 8651488.612 3792583.00927 -261760.57023 9037626.99712 -2156738.3165 -138038.49193 ] [ 3792583.00927 10606721.27 -660139.7964 4864744.63497 -5698421.88944 -1408315.98011 ] [ -261760.57023 -660139.7964 6623923.18961 602938.70865 -1243112.51612 3478300.19508 ] [ 9037626.99712 4864744.63497 602938.70865 14256719.01325 -2753500.6581 591715.51516 ] [ -2156738.3165 -5698421.88944 -1243112.51612 -2753500.6581 7755137.72773 543542.99969 ] [ -138038.49193 -1408315.98011 3478300.19508 591715.51516 543542.99969 5343087.00166 ] ] ]

State
Pi 0
A 0.004546 0 0 0.007819 0 0 0 0.987636 
MultiGaussianOPDF [ [ -22358.61288 7850.01013 -3374.44841 -28590.84321 -8207.04644 -5432.5397 ] [ [ 41400739.61107 -1286689.22069 9279360.66773 15204716.53602 2263291.62627 2103753.51973 ] [ -1286689.22069 18524267.65494 1821408.82337 -2042210.54493 -8774393.12266 -3554255.80887 ] [ 9279360.66773 1821408.82337 12629390.6665 3013183.90507 3112042.59946 1469343.40689 ] [ 15204716.53602 -2042210.54493 3013183.90507 14087687.26191 2255472.85467 1866349.58538 ] [ 2263291.62627 -8774393.12266 3112042.59946 2255472.85467 24774225.22596 -269718.49224 ] [ 2103753.51973 -3554255.80887 1469343.40689 1866349.58538 -269718.49224 10612891.31359 ] ] ]

LEFT_JAB 1
Hmm v1.0

NbStates 5

State
Pi 0.107396
A 0.864787 0.032367 0 0.001003 0.101843 
MultiGaussianOPDF [ [ 5734.73789 -3382.18418 2208.38452 ] [ [ 18120895.65335 8587989.65099 -9968014.40627 ] [ 8587989.65099 25945170.18548 -1177630.34567 ] [ -9968014.40627 -1177630.34567 30867664.43392 ] ] ]

State
Pi 0
A 0 0.928787 0.004392 0 0.066821 
MultiGaussianOPDF [ [ -13875.25903 6284.34819 -79.05525 ] [ [ 124205466.68318 46495500.33245 -39593211.21242 ] [ 46495500.33245 153928303.112 -51366808.55065 ] [ -39593211.21242 -51366808.55065 104468543.46709 ] ] ]

State
Pi 0.125342
A 0.023078 0 0.961749 0.015016 0.000157 
MultiGaussianOPDF [ [ 3958.26541 3497.65468 -2808.23957 ] [ [ 3185934.54315 1106649.82596 -120602.90351 ] [ 1106649.82596 2845621.06533 -385921.25489 ] [ -120602.90351 -385921.25489 2065399.77515 ] ] ]

State
Pi 0.767262
A 0.056476 0 0.004981 0.894343 0.0442 
MultiGaussianOPDF [ [ 4608.79246 3295.90977 2016.70161 ] [ [ 6120123.89693 1333868.54616 119420.80973 ] [ 1333868.54616 2762130.43281 130018.12905 ] [ 119420.80973 130018.12905 2697050.84402 ] ] ]

State
Pi 0
A 0.000003 0.120333 0 0 0.879664 
MultiGaussianOPDF [ [ -5509.13223 8.39632 1108.47414 ] [ [ 15637232.45504 -1526072.5493 -14970.86329 ] [ -1526072.5493 10600740.9119 2659847.60158 ] [ -14970.86329 2659847.60158 4757716.56757 ] ] ]

RIGHT_SHORYUKEN 1
Hmm v1.0

NbStates 5

State
Pi 0.087379
A 0.944249 0.000679 0.055073 0 0 
MultiGaussianOPDF [ [ 1510.97075 1116.55753 -4428.39781 ] [ [ 8278482.76277 -4645255.6527 1452458.9455 ] [ -4645255.6527 11900301.30355 -16550.56772 ] [ 1452458.9455 -16550.56772 12260202.26602 ] ] ]

State
Pi 0.680779
A 0.111816 0.832655 0.055529 0 0 
MultiGaussianOPDF [ [ -2067.07122 -2917.42152 -2665.84541 ] [ [ 4122269.91242 903780.82662 -1587184.08052 ] [ 903780.82662 3695890.90121 932757.69284 ] [ -1587184.08052 932757.69284 9699416.76512 ] ] ]

State
Pi 0.219185
A 0.014533 0.083072 0.821353 0.035976 0.045066 
MultiGaussianOPDF [ [ -4585.59583 -6501.70608 -12791.12482 ] [ [ 42005825.30459 3998823.54568 -2781484.10029 ] [ 3998823.54568 18994237.15804 -3034623.55157 ] [ -2781484.10029 -3034623.55157 47574075.14343 ] ] ]

State
Pi 0
A 0 0 0.219092 0.724086 0.056822 
MultiGaussianOPDF [ [ -17643.23145 -14505.57722 -21822.52962 ] [ [ 37238502.41977 9962322.32097 5420962.27009 ] [ 9962322.32097 70888088.13047 -12549226.79161 ] [ 5420962.27009 -12549226.79161 42518327.63258 ] ] ]

State
Pi 0.012657
A 0 0.002405 0.00365 0.145535 0.84841 
MultiGaussianOPDF [ [ -22597.3575 -8798.36488 -32797.6366 ] [ [ 40703949.77743 11483438.42054 219105.25168 ] [ 11483438.42054 92396067.61812 -231103.50366 ] [ 219105.25168 -231103.50366 52819.34711 ] ] ]

LEFT_ONE_HUNDRED_HAND_SLAP 1
Hmm v1.0

NbStates 5

State
Pi 0.087422
A 0.845268 0.153274 0 0.001458 0 
MultiGaussianOPDF [ [ -3958.64838 -3241.77465 -12739.05633 ] [ [ 10878314.43033 -2592495.86957 -962218.15546 ] [ -2592495.86957 10676992.07305 1452545.42982 ] [ -962218.15546 1452545.42982 15022847.60182 ] ] ]

State
Pi 0.000178
A 0.189895 0.623992 0.09533 0.090783 0 
MultiGaussianOPDF [ [ -7137.4804 -310.30964 -2490.98202 ] [ [ 11319470.51718 -3144989.09597 -4056526.16482 ] [ -3144989.09597 4018291.87283 4063758.65505 ] [ -4056526.16482 4063758.65505 15690118.95623 ] ] ]

State
Pi 0.742017
A 0.002115 0.173436 0.689262 0.016559 0.118628 
MultiGaussianOPDF [ [ -2390.9854 2087.6448 7374.66742 ] [ [ 9521455.37585 249928.82685 -2701261.09283 ] [ 249928.82685 4088767.36667 1177905.08723 ] [ -2701261.09283 1177905.08723 17896769.38962 ] ] ]

State
Pi 0.170264
A 0.006383 0.068877 0 0.894687 0.030053 
MultiGaussianOPDF [ [ -10057.91295 3254.08703 14448.2805 ] [ [ 17758932.30353 1015066.76093 15609321.74541 ] [ 1015066.76093 14432071.9934 -1442069.18009 ] [ 15609321.74541 -1442069.18009 64036384.36199 ] ] ]

State
Pi 0.000118
A 0 0 0.136759 0.005757 0.857484 
MultiGaussianOPDF [ [ 1202.30495 3419.90274 18292.52156 ] [ [ 9996605.7532 7619713.57674 -882718.46588 ] [ 7619713.57674 23332605.61193 -5246052.63072 ] [ -882718.46588 -5246052.63072 15760919.52715 ] ] ]

ARM_WINDMILL 1
Hmm v1.0

NbStates 8

State
Pi 0.037687
A 0.859784 0.081888 0 0.000692 0.000528 0.003528 0.005901 0.047679 
MultiGaussianOPDF [ [ -16765.04426 6852.21476 -3627.25999 -12349.7711 861.67492 -5168.23177 ] [ [ 13858339.29535 -1179614.55991 4434387.96788 4366481.30547 253037.17153 1388955.342 ] [ -1179614.55991 13569342.64192 2668657.61933 -3970276.43925 -855351.12606 376569.49128 ] [ 4434387.96788 2668657.61933 21870531.97906 -126850.92991 -998961.17006 378792.83044 ] [ 4366481.30547 -3970276.43925 -126850.92991 17104554.14139 1011391.67844 -2533873.25489 ] [ 253037.17153 -855351.12606 -998961.17006 1011391.67844 4487494.66498 1076788.38637 ] [ 1388955.342 376569.49128 378792.83044 -2533873.25489 1076788.38637 12669227.23992 ] ] ]

State
Pi 0
A 0 0.922088 0.00015 0.007813 0.055125 0.002319 0 0.012505 
MultiGaussianOPDF [ [ -5303.46213 2877.6664 -12189.86446 -18009.10325 -2317.69839 -2116.42284 ] [ [ 48067249.48554 -20083304.6848 3186389.54911 7650934.93487 -10826593.03046 5187010.806 ] [ -20083304.6848 17056416.65411 -1398904.94243 -2227814.34835 5116298.21858 -1382711.30582 ] [ 3186389.54911 -1398904.94243 15294618.79811 8287333.95188 -3146293.02088 2141711.48323 ] [ 7650934.93487 -2227814.34835 8287333.95188 17809231.33634 -3453997.74287 3077521.72985 ] [ -10826593.03046 5116298.21858 -3146293.02088 -3453997.74287 13938815.45021 -980623.9828 ] [ 5187010.806 -1382711.30582 2141711.48323 3077521.72985 -980623.9828 5309062.55892 ] ] ]

State
Pi 0
A 0.114084 0 0.885916 0 0 0 0 0 
MultiGaussianOPDF [ [ -23794.46905 -3212.99969 -12097.86603 -9998.10372 -3894.40136 -10822.22809 ] [ [ 19138101.89231 -2853510.94609 4414711.48859 1450868.61704 -4320154.37041 5281277.36661 ] [ -2853510.94609 15342865.13028 4348555.38815 1081766.78264 4366387.01438 -297870.59095 ] [ 4414711.48859 4348555.38815 10583225.07856 3163006.61141 561311.14688 2067258.37605 ] [ 1450868.61704 1081766.78264 3163006.61141 17639952.39566 8429627.61991 -6831743.13943 ] [ -4320154.37041 4366387.01438 561311.14688 8429627.61991 32573140.54787 -4436225.41424 ] [ 5281277.36661 -297870.59095 2067258.37605 -6831743.13943 -4436225.41424 18668298.66384 ] ] ]

State
Pi 0.442356
A 0.001302 0.007349 0 0.907264 0.044741 0.036465 0.000003 0.002875 
MultiGaussianOPDF [ [ -3039.78788 -1898.1384 -2478.95615 -10630.18461 -3387.06516 -4025.52212 ] [ [ 11275765.87662 -235005.33902 -1795832.54465 1475622.48791 1479541.98907 3970555.37333 ] [ -235005.33902 5213881.28698 582443.91414 -239305.32412 -728371.20646 457435.06995 ] [ -1795832.54465 582443.91414 8263914.92906 3349736.274 -754682.78752 -2060074.82806 ] [ 1475622.48791 -239305.32412 3349736.274 21700510.88788 -3372837.73611 174447.1109 ] [ 1479541.98907 -728371.20646 -754682.78752 -3372837.73611 13619547.85433 440020.26296 ] [ 3970555.37333 457435.06995 -2060074.82806 174447.1109 440020.26296 16086347.1755 ] ] ]

State
Pi 0
A 0.005942 0 0.109451 0.011784 0.801326 0.005065 0.060976 0.005456 
MultiGaussianOPDF [ [ -11668.62155 -1360.39175 -6908.60543 -12735.788 -7804.62804 -5163.50356 ] [ [ 18298918.29988 2449356.10039 -34766.52152 755475.18429 -2915741.22115 1893925.61665 ] [ 2449356.10039 13212527.14717 -8694196.18013 -3112268.74093 -2262523.51821 -2488486.47175 ] [ -34766.52152 -8694196.18013 21357748.77138 4599601.49901 4956417.26284 4897152.22595 ] [ 755475.18429 -3112268.74093 4599601.49901 12171260.69198 18068.58467 -3835016.49225 ] [ -2915741.22115 -2262523.51821 4956417.26284 18068.58467 14933753.03597 4875914.81486 ] [ 1893925.61665 -2488486.47175 4897152.22595 -3835016.49225 4875914.81486 19782972.81766 ] ] ]

State
Pi 0.519957
A 0.042193 0.010017 0 0.021799 0.003827 0.890896 0.018477 0.012791 
MultiGaussianOPDF [ [ -7759.46955 3181.3567 -2883.37612 -5565.35647 1487.00148 -3008.61543 ] [ [ 16222308.90453 2948385.26425 2313133.06516 60425.45569 977619.34284 -17821.39535 ] [ 2948385.26425 20294593.23076 -5658248.36344 -3171962.44705 -551709.93271 5129939.64963 ] [ 2313133.06516 -5658248.36344 26299602.29601 2522887.28741 3873771.43981 3486953.93201 ] [ 60425.45569 -3171962.44705 2522887.28741 18064721.28254 3826661.20962 -844836.91288 ] [ 977619.34284 -551709.93271 3873771.43981 3826661.20962 8145821.74936 527340.97557 ] [ -17821.39535 5129939.64963 3486953.93201 -844836.91288 527340.97557 12731744.83846 ] ] ]

State
Pi 0
A 0.043739 0 0.001519 0 0 0.013229 0.914051 0.027462 
MultiGaussianOPDF [ [ -22737.63528 -4260.33993 -244.01978 -8817.17655 181.60749 -3555.31056 ] [ [ 32232060.89265 586487.65757 9538361.14465 6960798.6285 -1428580.27967 -2406462.17903 ] [ 586487.65757 34115234.54787 -6557523.35305 5811390.83014 5906853.96359 1520480.31142 ] [ 9538361.14465 -6557523.35305 42527444.5395 -1448049.99682 502318.3501 -3539972.35727 ] [ 6960798.6285 5811390.83014 -1448049.99682 19142777.77452 3311530.59743 -700196.18716 ] [ -1428580.27967 5906853.96359 502318.3501 3311530.59743 8212823.46268 638008.57895 ] [ -2406462.17903 1520480.31142 -3539972.35727 -700196.18716 638008.57895 5447873.41813 ] ] ]

State
Pi 0
A 0.003393 0 0 0.039359 0.023074 0.005336 0.006452 0.922386 
MultiGaussianOPDF [ [ -12425.37921 1159.75202 -2326.30585 -22789.5631 -830.78932 -382.01221 ] [ [ 28111918.56032 -4997620.94642 -6578748.2501 1698163.48638 -3148322.37526 -5149266.66402 ] [ -4997620.94642 24200447.58585 2034278.07186 664835.52677 1847964.64747 3421611.10962 ] [ -6578748.2501 2034278.07186 15866920.65802 2945380.09065 305642.00913 6103876.73119 ] [ 1698163.48638 664835.52677 2945380.09065 28639650.8931 -4090265.20805 -3750617.81658 ] [ -3148322.37526 1847964.64747 305642.00913 -4090265.20805 22495364.15135 9375976.53029 ] [ -5149266.66402 3421611.10962 6103876.73119 -3750617.81658 9375976.53029 28562313.32855 ] ] ]

SUMO_HEADBUTT 1
Hmm v1.0

NbStates 8

State
Pi 0
A 0.796952 0 0.000041 0 0.000043 0.202964 0 0 
MultiGaussianOPDF [ [ -8894.82435 -2213.63476 1943.35512 -11457.64465 307.56909 404.48428 ] [ [ 170918806.75342 18175866.46101 -23651862.82286 51371443.31294 30509258.83305 6893831.03214 ] [ 18175866.46101 49089847.69256 -4367592.02 10263776.94652 -25671063.37889 -14123758.39635 ] [ -23651862.82286 -4367592.02 58300794.71582 -25242898.63217 4737738.02782 16434851.30755 ] [ 51371443.31294 10263776.94652 -25242898.63217 122141104.79766 -3625371.88336 -44576394.16729 ] [ 30509258.83305 -25671063.37889 4737738.02782 -3625371.88336 115920086.38553 36890319.65863 ] [ 6893831.03214 -14123758.39635 16434851.30755 -44576394.16729 36890319.65863 88083751.78119 ] ] ]

State
Pi 0.513034
A 0 0.917375 0.001498 0.00118 0.060133 0.003161 0.01663 0.000023 
MultiGaussianOPDF [ [ 3706.08203 2259.85421 2947.14489 4386.36179 -1923.57162 1567.66252 ] [ [ 1596885.48752 -429631.04566 319880.78615 1443936.67485 441489.15979 127602.02603 ] [ -429631.04566 1462819.99672 -385194.86045 -324196.28444 -1059809.11359 -344890.09327 ] [ 319880.78615 -385194.86045 1178183.88073 730017.00879 373225.53593 664139.70192 ] [ 1443936.67485 -324196.28444 730017.00879 2016013.97558 372751.40432 215704.30722 ] [ 441489.15979 -1059809.11359 373225.53593 372751.40432 1533132.90274 261740.03716 ] [ 127602.02603 -344890.09327 664139.70192 215704.30722 261740.03716 810838.54878 ] ] ]

State
Pi 0.2424
A 0 0.000019 0.881624 0.05266 0.007333 0 0.058364 0 
MultiGaussianOPDF [ [ 1368.0648 3818.73909 -710.81141 2504.05692 -3573.00637 -858.5491 ] [ [ 8343219.14659 -631169.50742 2740862.28152 4740822.62353 -1140694.72796 1754727.76238 ] [ -631169.50742 3672048.0155 -1166827.56364 -1482140.61993 -1375931.21887 -1535847.40476 ] [ 2740862.28152 -1166827.56364 3653870.98984 2331525.0908 -756536.57906 1939981.25128 ] [ 4740822.62353 -1482140.61993 2331525.0908 5644357.08825 19406.61569 1469254.74639 ] [ -1140694.72796 -1375931.21887 -756536.57906 19406.61569 3740375.00351 379399.8858 ] [ 1754727.76238 -1535847.40476 1939981.25128 1469254.74639 379399.8858 4465494.11988 ] ] ]

State
Pi 0.134006
A 0 0.001319 0.008909 0.956692 0 0 0 0.033079 
MultiGaussianOPDF [ [ 3413.98905 -508.7604 -497.82882 4288.51293 -997.46552 849.73601 ] [ [ 1751395.89178 -472807.81815 -196126.25434 1241640.22355 -274955.77449 481434.92424 ] [ -472807.81815 3330949.61813 -1578441.9682 -165089.62407 -685774.02864 -1394262.26449 ] [ -196126.25434 -1578441.9682 2329995.36602 -26507.27924 567407.89473 1310918.50223 ] [ 1241640.22355 -165089.62407 -26507.27924 2474685.54385 -427471.48194 456933.16869 ] [ -274955.77449 -685774.02864 567407.89473 -427471.48194 1464389.90142 505975.16575 ] [ 481434.92424 -1394262.26449 1310918.50223 456933.16869 505975.16575 2459453.80525 ] ] ]

State
Pi 0.03219
A 0.003125 0.000111 0.004288 0.002023 0.905094 0.083135 0 0.002224 
MultiGaussianOPDF [ [ -3359.88474 -594.75405 2196.79356 -2878.46156 -323.73123 2622.70719 ] [ [ 16301393.47239 -1844937.83902 221511.38416 12327778.62054 4467622.04474 -3303974.49154 ] [ -1844937.83902 7206932.66261 410661.29407 -1162815.617 -4594348.75638 438357.82999 ] [ 221511.38416 410661.29407 2076963.12398 -117120.36618 -353562.29776 924571.92492 ] [ 12327778.62054 -1162815.617 -117120.36618 12858173.59728 4527943.98404 -3428848.5132 ] [ 4467622.04474 -4594348.75638 -353562.29776 4527943.98404 8371591.91328 -1165902.32416 ] [ -3303974.49154 438357.82999 924571.92492 -3428848.5132 -1165902.32416 2488896.83671 ] ] ]

State
Pi 0
A 0.034935 0 0 0 0.188728 0.776338 0 0 
MultiGaussianOPDF [ [ -5250.84162 3645.95378 336.42618 -5601.95209 -876.32832 3844.30993 ] [ [ 24251477.25148 -7364109.2176 -4956084.41861 5511901.51719 4237816.53553 -4556029.00924 ] [ -7364109.2176 97810016.35224 -21971222.39852 -13749031.96983 -7349221.56853 3805737.31945 ] [ -4956084.41861 -21971222.39852 26583239.6186 -253357.35705 -1807856.64715 4946954.02756 ] [ 5511901.51719 -13749031.96983 -253357.35705 27025854.70702 2974858.98248 -15011221.30764 ] [ 4237816.53553 -7349221.56853 -1807856.64715 2974858.98248 31086534.77326 2421734.23465 ] [ -4556029.00924 3805737.31945 4946954.02756 -15011221.30764 2421734.23465 15306961.30454 ] ] ]

State
Pi 0.078371
A 0 0.006801 0.003567 0 0 0 0.885337 0.104295 
MultiGaussianOPDF [ [ 3803.05074 5748.88122 6184.22619 6261.65646 -4963.91499 3497.12213 ] [ [ 5357557.0247 770917.98689 1241553.78924 3942567.04139 1278969.60662 217326.92588 ] [ 770917.98689 8699642.62659 1351988.01392 1605278.86213 -3114977.26763 555045.97141 ] [ 1241553.78924 1351988.01392 7894008.71183 5298011.99251 -1979287.69662 1791204.80692 ] [ 3942567.04139 1605278.86213 5298011.99251 8114078.85696 -153779.03991 778142.39279 ] [ 1278969.60662 -3114977.26763 -1979287.69662 -153779.03991 8545105.95512 -2347827.17605 ] [ 217326.92588 555045.97141 1791204.80692 778142.39279 -2347827.17605 6777160.8258 ] ] ]

State
Pi 0
A 0.086885 0 0.004429 0.005051 0.011745 0 0 0.89189 
MultiGaussianOPDF [ [ 5646.25982 -2021.00626 750.47677 6343.27616 4770.16041 1414.84408 ] [ [ 4248901.10157 1957199.2134 -443339.03937 1298836.79108 1251332.9322 -1426384.85969 ] [ 1957199.2134 21081860.29425 8153138.33478 2606766.05507 -3523797.1243 -1354657.77567 ] [ -443339.03937 8153138.33478 14143698.18117 -361982.95712 -5272253.95023 2079707.69614 ] [ 1298836.79108 2606766.05507 -361982.95712 9689325.32543 -976901.06784 -285692.37244 ] [ 1251332.9322 -3523797.1243 -5272253.95023 -976901.06784 16861600.31569 -3833010.09722 ] [ -1426384.85969 -1354657.77567 2079707.69614 -285692.37244 -3833010.09722 6952462.35119 ] ] ]

RIGHT_HOOK 1
Hmm v1.0

NbStates 5

State
Pi 0
A 0.914275 0 0 0.085725 0 
MultiGaussianOPDF [ [ -1937.39202 -17238.79158 -2352.58587 ] [ [ 48640245.9394 5657990.58699 11038206.07534 ] [ 5657990.58699 24621421.61402 -9229566.77865 ] [ 11038206.07534 -9229566.77865 53135547.75323 ] ] ]

State
Pi 0.227171
A 0.076403 0.911354 0.012243 0 0 
MultiGaussianOPDF [ [ 5912.4474 -6741.43702 1439.18487 ] [ [ 7450224.81725 213326.80199 -1520476.97889 ] [ 213326.80199 6911106.33538 -1610211.63415 ] [ -1520476.97889 -1610211.63415 2781673.66925 ] ] ]

State
Pi 0.772829
A 0.026422 0 0.872903 0.018765 0.08191 
MultiGaussianOPDF [ [ 2659.28949 -5456.08813 -6709.93817 ] [ [ 11938411.87165 -147726.24143 -2357070.10838 ] [ -147726.24143 4466112.82576 1925786.66457 ] [ -2357070.10838 1925786.66457 8895547.15685 ] ] ]

State
Pi 0
A 0.005734 0 0 0.994266 0 
MultiGaussianOPDF [ [ -9860.66019 -590.28465 2825.67256 ] [ [ 26202771.04811 -1722414.1579 5781343.73642 ] [ -1722414.1579 21538052.8753 2185157.50045 ] [ 5781343.73642 2185157.50045 9546256.39973 ] ] ]

State
Pi 0
A 0 0 0 0.039127 0.960873 
MultiGaussianOPDF [ [ -6260.84741 -3626.81286 -11442.00329 ] [ [ 22869312.01564 -2201031.79853 1546876.09877 ] [ -2201031.79853 4704302.47607 -20911.53984 ] [ 1546876.09877 -20911.53984 8848850.58802 ] ] ]

PSYCHO_CRUSHER 1
Hmm v1.0

NbStates 8

State
Pi 0.022972
A 0.915097 0.036527 0 0.017439 0.023611 0 0 0.007327 
MultiGaussianOPDF [ [ 2038.30301 768.59152 -2950.98371 2466.12633 849.31932 -568.95611 ] [ [ 4473133.83588 463817.85577 1841201.72296 997760.25537 273083.23374 411510.78084 ] [ 463817.85577 6624139.19178 2816156.44773 -130137.6737 -119440.06906 -2384321.95369 ] [ 1841201.72296 2816156.44773 6580877.5821 767958.89931 -217831.05072 -831398.4503 ] [ 997760.25537 -130137.6737 767958.89931 2054178.618 365906.29134 -103235.8398 ] [ 273083.23374 -119440.06906 -217831.05072 365906.29134 5832691.10386 -48247.22931 ] [ 411510.78084 -2384321.95369 -831398.4503 -103235.8398 -48247.22931 4553598.91371 ] ] ]

State
Pi 0.485894
A 0.017774 0.887627 0.038298 0.023808 0.005549 0.004175 0.022736 0.000033 
MultiGaussianOPDF [ [ 2369.96052 1101.18356 1975.87405 1927.92461 -2803.52471 1502.63438 ] [ [ 2838411.84483 126447.50847 -118816.59241 1653729.94675 460898.34586 -174318.13049 ] [ 126447.50847 5685379.23611 1194600.22204 704164.91162 -1051246.99174 -1384812.56444 ] [ -118816.59241 1194600.22204 3638444.49802 879957.69417 74420.542 -645561.85475 ] [ 1653729.94675 704164.91162 879957.69417 3602235.66596 852687.87295 -715076.52039 ] [ 460898.34586 -1051246.99174 74420.542 852687.87295 5709176.03344 13148.39648 ] [ -174318.13049 -1384812.56444 -645561.85475 -715076.52039 13148.39648 3166311.45161 ] ] ]

State
Pi 0.144993
A 0 0 0.849223 0.056167 0 0.050344 0.044227 0.000038 
