36
RINGMASTER_RIGHT_JAB -1.7976931348623157E308 -1.7976931348623157E308 0 
LEFT_JAB -1985.5075358246272 -249.72833993150596 1 
Hmm v1.0

NbStates 6

State
Pi 0.498545
A 0.879573 0.000608 0.085014 0.000113 0.034693 0 
MultiGaussianOPDF [ [ 3804.72004 3395.92674 -129.34172 ] [ [ 2919770.34205 705951.69464 -172643.44554 ] [ 705951.69464 2420491.19443 -613637.94344 ] [ -172643.44554 -613637.94344 6848150.22993 ] ] ]

State
Pi 0.008486
A 0.004597 0.966251 0 0.004439 0.024713 0 
MultiGaussianOPDF [ [ -427.90403 301.07057 3750.79091 ] [ [ 551386.58333 -234780.70057 -120917.33518 ] [ -234780.70057 1417573.02851 236273.95077 ] [ -120917.33518 236273.95077 842724.9626 ] ] ]

State
Pi 0.342087
A 0.028433 0.000203 0.802997 0.16836 0.000007 0 
MultiGaussianOPDF [ [ 8785.9336 2341.17097 1446.79768 ] [ [ 9278169.87559 -60682.75044 -4485232.01025 ] [ -60682.75044 9193122.39905 1532600.40628 ] [ -4485232.01025 1532600.40628 11481188.75331 ] ] ]

State
Pi 0.150883
A 0 0.000011 0.001288 0.747865 0.135041 0.115794 
MultiGaussianOPDF [ [ 5849.51067 -6371.45875 1482.73465 ] [ [ 19486200.22508 -3636593.68627 -7016299.96685 ] [ -3636593.68627 17682233.24506 1230089.20437 ] [ -7016299.96685 1230089.20437 25716848.716 ] ] ]

State
Pi 0
A 0 0.05895 0 0.000923 0.876214 0.063913 
MultiGaussianOPDF [ [ -4727.11445 130.23102 2253.39183 ] [ [ 17384084.23751 -6311917.50734 -5097061.71319 ] [ -6311917.50734 13181403.24834 3996346.93775 ] [ -5097061.71319 3996346.93775 6774043.2889 ] ] ]

State
Pi 0
A 0.001272 0 0 0.004647 0.137887 0.856194 
MultiGaussianOPDF [ [ -14019.7811 2664.16457 1865.84913 ] [ [ 115032719.71072 -17353982.76578 -47925936.75011 ] [ -17353982.76578 145318578.38497 4433759.43307 ] [ -47925936.75011 4433759.43307 79801188.07755 ] ] ]

RINGMASTER_HADOUKEN -1.7976931348623157E308 -1.7976931348623157E308 0 
HADOUKEN -3410.6360069395664 -591.6952915507705 1 
Hmm v1.0

NbStates 9

State
Pi 0.073021
A 0.961244 0 0.000364 0 0.018177 0 0 0 0.020214 
MultiGaussianOPDF [ [ 3053.14365 -646.61745 -1455.58856 3908.94018 -943.34101 -735.22592 ] [ [ 735557.00089 -428162.09816 286354.5096 -134785.67891 -656281.88622 114720.62029 ] [ -428162.09816 5073215.80752 816422.15997 1448589.1936 4604398.492 357777.51918 ] [ 286354.5096 816422.15997 1414034.73068 249542.72969 711571.31743 251107.67118 ] [ -134785.67891 1448589.1936 249542.72969 1226548.09445 1985533.44814 -199871.14127 ] [ -656281.88622 4604398.492 711571.31743 1985533.44814 6090930.07293 226224.23107 ] [ 114720.62029 357777.51918 251107.67118 -199871.14127 226224.23107 818502.22635 ] ] ]

State
Pi 0.1463
A 0 0.931071 0 0.061156 0.00352 0.000001 0 0.004252 0 
MultiGaussianOPDF [ [ -258.35836 -1140.96489 5019.36238 4132.54421 -559.33118 -4165.85843 ] [ [ 1814362.72581 -83100.932 -38398.88589 106109.8824 -541411.60404 583172.37597 ] [ -83100.932 8503955.0762 -460792.0844 -2100800.53237 -2055307.84506 3610392.15735 ] [ -38398.88589 -460792.0844 2292896.31911 2345593.23826 -23130.52304 -148565.43227 ] [ 106109.8824 -2100800.53237 2345593.23826 6921152.90642 291177.6283 -677816.85269 ] [ -541411.60404 -2055307.84506 -23130.52304 291177.6283 2226368.00917 -1584935.37927 ] [ 583172.37597 3610392.15735 -148565.43227 -677816.85269 -1584935.37927 3841418.0728 ] ] ]

State
Pi 0.111472
A 0.000004 0 0.935906 0.00471 0.00656 0 0.00292 0.025295 0.024605 
MultiGaussianOPDF [ [ -810.71437 1303.32881 -3833.01861 51.29747 -1700.49836 3248.97814 ] [ [ 3712442.25767 -499094.47999 -621814.33446 -1917866.65435 -83361.89987 -590939.04965 ] [ -499094.47999 2973658.85128 891069.33528 811341.28687 -800372.53551 -871865.89821 ] [ -621814.33446 891069.33528 2448919.64883 765756.38797 548566.45313 -670167.59409 ] [ -1917866.65435 811341.28687 765756.38797 4244463.39656 -412014.61796 -463982.1268 ] [ -83361.89987 -800372.53551 548566.45313 -412014.61796 3896355.32646 1130078.29025 ] [ -590939.04965 -871865.89821 -670167.59409 -463982.1268 1130078.29025 2447226.41313 ] ] ]

State
Pi 0.117639
A 0 0.002981 0.003583 0.850522 0.008538 0.05672 0.041009 0.01828 0.018366 
MultiGaussianOPDF [ [ -3895.51855 2906.24197 1816.51025 927.14775 -2310.00396 -4309.11441 ] [ [ 11868154.98227 -2486704.06433 4751828.64437 6681254.11731 -19829.31655 -4177246.92762 ] [ -2486704.06433 20214457.09145 -2196803.3611 5682963.13635 -7317843.28303 -328356.20034 ] [ 4751828.64437 -2196803.3611 17693109.10129 1929257.52527 -988855.38758 -6591426.02955 ] [ 6681254.11731 5682963.13635 1929257.52527 23373252.13482 -1332747.69012 -4846558.12501 ] [ -19829.31655 -7317843.28303 -988855.38758 -1332747.69012 16600333.46847 -1944567.71311 ] [ -4177246.92762 -328356.20034 -6591426.02955 -4846558.12501 -1944567.71311 14046117.99227 ] ] ]

State
Pi 0.155711
A 0.009509 0.002043 0.012 0.0106 0.90063 0 0.003356 0.020795 0.041066 
MultiGaussianOPDF [ [ 1614.0528 3023.07894 543.40046 4003.85211 -1866.2343 -920.06796 ] [ [ 1568386.07564 294672.61328 -35791.82753 1047623.22868 938108.80039 -23642.19224 ] [ 294672.61328 4549913.07782 1481219.05498 3449053.72057 -995857.78271 -1435012.46938 ] [ -35791.82753 1481219.05498 5870326.24076 2513090.76093 -976551.40857 -286375.62988 ] [ 1047623.22868 3449053.72057 2513090.76093 8169961.46157 1937918.03911 -2342032.28268 ] [ 938108.80039 -995857.78271 -976551.40857 1937918.03911 6197452.34968 -821399.50613 ] [ -23642.19224 -1435012.46938 -286375.62988 -2342032.28268 -821399.50613 2855005.71504 ] ] ]

State
Pi 0
A 0 0 0.000005 0.054164 0 0.884121 0 0.060214 0.001496 
MultiGaussianOPDF [ [ -10756.8933 1507.52783 373.14352 -10325.04519 -1605.08059 -1877.71212 ] [ [ 82790588.23858 -6611175.93585 416789.88983 2383567.9606 18011292.41155 5330185.50283 ] [ -6611175.93585 59497157.76036 13600999.8367 7618402.06106 -6337463.42239 4285761.29449 ] [ 416789.88983 13600999.8367 65987619.16129 2816018.37876 6541876.30614 -13492441.05128 ] [ 2383567.9606 7618402.06106 2816018.37876 85950298.14509 -755585.44369 9127326.73767 ] [ 18011292.41155 -6337463.42239 6541876.30614 -755585.44369 60848758.36174 -4431638.93768 ] [ 5330185.50283 4285761.29449 -13492441.05128 9127326.73767 -4431638.93768 61829640.58466 ] ] ]

State
Pi 0.225793
A 0 0.006166 0.015476 0.038863 0.003188 0 0.913829 0.018251 0.004228 
MultiGaussianOPDF [ [ -536.22888 2012.04782 525.32723 -1005.31124 -1693.9046 -2400.15948 ] [ [ 3454923.76555 -1285620.80069 2734765.6944 599536.45282 1460439.23808 -1640269.9824 ] [ -1285620.80069 3335132.33944 -1133229.05547 -30456.66427 -1323269.06229 -4394.04531 ] [ 2734765.6944 -1133229.05547 6933571.4106 1029929.30044 2152206.99713 -2116397.41635 ] [ 599536.45282 -30456.66427 1029929.30044 1929804.36494 55796.61143 -816772.38865 ] [ 1460439.23808 -1323269.06229 2152206.99713 55796.61143 4096688.24983 -1286499.33874 ] [ -1640269.9824 -4394.04531 -2116397.41635 -816772.38865 -1286499.33874 4033145.80166 ] ] ]

State
Pi 0
A 0 0 0.033116 0.014191 0 0.100984 0.043837 0.807872 0 
MultiGaussianOPDF [ [ -829.38077 659.80266 -5158.93657 -3496.38247 -2195.44832 2907.1215 ] [ [ 13075700.71106 -1208026.26544 1068764.90103 -1789280.3746 2277864.55536 2325704.57265 ] [ -1208026.26544 13576937.82018 -1399126.06787 1618564.80482 -1267065.62229 928213.25837 ] [ 1068764.90103 -1399126.06787 28589888.2336 4231201.53386 11126530.20662 -8016464.41707 ] [ -1789280.3746 1618564.80482 4231201.53386 22151019.80226 5889296.56253 -4226394.40528 ] [ 2277864.55536 -1267065.62229 11126530.20662 5889296.56253 29128111.12481 -2855692.13514 ] [ 2325704.57265 928213.25837 -8016464.41707 -4226394.40528 -2855692.13514 13933333.39271 ] ] ]

State
Pi 0.170064
A 0.003965 0 0.004688 0 0.000902 0 0.00447 0.074221 0.911755 
MultiGaussianOPDF [ [ 4497.37415 1384.60227 -3331.77565 3753.22382 -1563.6917 682.45241 ] [ [ 6550210.09288 1938959.85506 3275249.21085 1247548.80876 3794990.77026 -1918761.62046 ] [ 1938959.85506 19660632.65507 889539.12597 -573243.02955 -5106386.79297 -1081660.19583 ] [ 3275249.21085 889539.12597 19995480.1615 -1001135.0243 3396332.18788 -12045276.95522 ] [ 1247548.80876 -573243.02955 -1001135.0243 10835003.54563 5215849.59621 -2648898.14152 ] [ 3794990.77026 -5106386.79297 3396332.18788 5215849.59621 28512094.89831 -5973305.05971 ] [ -1918761.62046 -1081660.19583 -12045276.95522 -2648898.14152 -5973305.05971 30394447.06051 ] ] ]

RINGMASTER_LEFT_HALF_RING -1.7976931348623157E308 -1.7976931348623157E308 0 
RIGHT_CHOP -2285.107450188679 -235.44205419920206 1 
Hmm v1.0

NbStates 6

State
Pi 0.070424
A 0.979829 0.012261 0.006508 0 0 0.001402 
MultiGaussianOPDF [ [ -4162.49869 -6367.27853 -2757.11924 ] [ [ 5529134.56363 1246964.41095 841158.38123 ] [ 1246964.41095 13805308.03733 3550133.82095 ] [ 841158.38123 3550133.82095 3663411.35129 ] ] ]

State
Pi 0.482395
A 0.003864 0.875636 0.1205 0 0 0 
MultiGaussianOPDF [ [ -190.5943 5362.18196 1451.93498 ] [ [ 5454375.13293 -3674160.19428 -679975.48399 ] [ -3674160.19428 8373822.36136 1778765.17533 ] [ -679975.48399 1778765.17533 1458615.5241 ] ] ]

State
Pi 0.325657
A 0.012246 0.003482 0.816594 0.076825 0.090853 0 
MultiGaussianOPDF [ [ -7506.64436 8392.03209 -952.72966 ] [ [ 23330079.18613 2875645.40551 -944338.53795 ] [ 2875645.40551 33253485.22978 4509580.98074 ] [ -944338.53795 4509580.98074 6170698.14777 ] ] ]

State
Pi 0.07894
A 0.000317 0 0 0.716855 0.278766 0.004062 
MultiGaussianOPDF [ [ -21594.34039 22732.86519 -6930.35227 ] [ [ 78434771.95453 -6285674.07058 32804674.90858 ] [ -6285674.07058 50125441.14845 -8977320.62956 ] [ 32804674.90858 -8977320.62956 71058818.14713 ] ] ]

State
Pi 0.002975
A 0 0 0 0 0.710602 0.289398 
MultiGaussianOPDF [ [ -27699.06693 -2636.30226 -4116.1555 ] [ [ 30166538.52937 5915244.51769 5409021.5033 ] [ 5915244.51769 127431754.74163 -1619435.75384 ] [ 5409021.5033 -1619435.75384 56938687.00133 ] ] ]

State
Pi 0.039609
A 0.106017 0 0.009302 0 0 0.884682 
MultiGaussianOPDF [ [ -12757.35283 -20353.04693 -6921.32554 ] [ [ 110630759.27094 52502551.56235 35987375.36791 ] [ 52502551.56235 69855141.13749 21659811.7551 ] [ 35987375.36791 21659811.7551 58874386.59011 ] ] ]

RIGHT_UPPERCUT -1587.1083213194358 -303.3018375265573 1 
Hmm v1.0

NbStates 6

State
Pi 0
A 0.907746 0.076012 0.005571 0.010671 0 0 
MultiGaussianOPDF [ [ -12435.62354 2791.48096 2642.07932 ] [ [ 51022679.11728 -7147755.01546 3445007.80465 ] [ -7147755.01546 22572880.76699 4441904.0356 ] [ 3445007.80465 4441904.0356 26832806.7247 ] ] ]

State
Pi 0.040091
A 0 0.974395 0.025605 0 0 0 
MultiGaussianOPDF [ [ 777.09059 -772.6006 732.1651 ] [ [ 7193458.67496 -442019.33232 -117631.84067 ] [ -442019.33232 844528.40301 582578.62139 ] [ -117631.84067 582578.62139 2939365.93752 ] ] ]

State
Pi 0.768329
A 0 0.00391 0.840994 0.036242 0.118854 0 
MultiGaussianOPDF [ [ 1544.01849 -2387.32805 -9951.07439 ] [ [ 6137058.60059 1030048.17108 -1384423.60087 ] [ 1030048.17108 8720067.6136 1556964.73696 ] [ -1384423.60087 1556964.73696 21739042.87036 ] ] ]

State
Pi 0.096477
A 0.067677 0.000002 0.022597 0.880449 0.000874 0.028401 
MultiGaussianOPDF [ [ -9823.88602 -3054.10632 -16430.00701 ] [ [ 21486882.98788 450685.31226 2909039.06162 ] [ 450685.31226 12730021.27831 510682.41518 ] [ 2909039.06162 510682.41518 29240697.01165 ] ] ]

State
Pi 0.095103
A 0.000011 0 0.001366 0.090851 0.819677 0.088096 
MultiGaussianOPDF [ [ -4519.52359 -6902.17315 -24637.54509 ] [ [ 67233727.07595 646635.6584 27300107.62692 ] [ 646635.6584 82069352.05246 -17606926.51486 ] [ 27300107.62692 -17606926.51486 48918285.4545 ] ] ]

State
Pi 0
A 0.154246 0.00127 0 0 0 0.844484 
MultiGaussianOPDF [ [ -27257.2376 -6223.15357 -22131.58409 ] [ [ 19898734.07262 4924639.35579 842314.98542 ] [ 4924639.35579 135619951.66651 6874790.75743 ] [ 842314.98542 6874790.75743 92976962.61725 ] ] ]

RINGMASTER_DRUM -1.7976931348623157E308 -1.7976931348623157E308 0 
DOUBLE_LARIAT -7290.2038363022375 -2347.2911294797173 1 
Hmm v1.0

NbStates 9

State
Pi 0
A 0.979025 0.00838 0 0 0.011515 0 0 0.00108 0 
MultiGaussianOPDF [ [ -9156.75513 904.7757 608.37466 -8998.14684 -1366.3906 1023.47182 ] [ [ 3389312.32931 -239786.17604 127362.01187 1018210.8392 124165.10189 175409.27339 ] [ -239786.17604 1716944.40232 33965.14136 -358766.95114 491470.96364 45434.02879 ] [ 127362.01187 33965.14136 1784038.16154 -17251.96982 50005.27062 251984.32066 ] [ 1018210.8392 -358766.95114 -17251.96982 3255280.74226 -263703.92231 805785.81781 ] [ 124165.10189 491470.96364 50005.27062 -263703.92231 1546031.09608 336297.03917 ] [ 175409.27339 45434.02879 251984.32066 805785.81781 336297.03917 1615478.09346 ] ] ]

State
Pi 0.09302
A 0.024391 0.914262 0 0.013272 0 0.01234 0 0.016858 0.018878 
MultiGaussianOPDF [ [ -5031.79504 5379.69434 1522.98922 -4861.63918 2417.2835 4703.51248 ] [ [ 8836338.13218 2222784.47458 629468.99144 1242497.48972 -1124659.05627 -42095.66715 ] [ 2222784.47458 8097635.16721 -1014199.76178 261607.60746 1570720.49667 1550867.248 ] [ 629468.99144 -1014199.76178 3238808.36244 863137.87089 334681.88892 221624.94004 ] [ 1242497.48972 261607.60746 863137.87089 10755381.06102 2441947.14567 1810636.39748 ] [ -1124659.05627 1570720.49667 334681.88892 2441947.14567 7874729.21939 1583011.58829 ] [ -42095.66715 1550867.248 221624.94004 1810636.39748 1583011.58829 3666375.90083 ] ] ]

State
Pi 0.374629
A 0 0 0.929361 0.006248 0.050047 0.014344 0 0 0 
MultiGaussianOPDF [ [ -1382.74329 -1846.37787 4533.75345 -1073.1796 -3918.61012 2551.71969 ] [ [ 2420259.55411 1110853.64213 -28008.67131 1087520.59877 450351.10006 305865.40294 ] [ 1110853.64213 2578191.20335 -206724.48234 620477.62516 820016.10131 357458.73183 ] [ -28008.67131 -206724.48234 897159.0689 -98936.0136 -416382.24842 2201.94968 ] [ 1087520.59877 620477.62516 -98936.0136 2411356.42035 75421.95734 41950.98456 ] [ 450351.10006 820016.10131 -416382.24842 75421.95734 2784009.76822 1062288.91011 ] [ 305865.40294 357458.73183 2201.94968 41950.98456 1062288.91011 1740548.96655 ] ] ]

State
Pi 0.35903
A 0 0.056644 0.002755 0.932876 0 0.007726 0 0 0 
MultiGaussianOPDF [ [ -1451.79723 3229.58799 3169.43697 -707.35654 1339.24291 4467.57545 ] [ [ 1642973.73558 -518885.4438 -65392.61896 459474.74259 -442456.76335 -267901.30803 ] [ -518885.4438 2961111.61756 -598876.23013 -583585.43938 1296877.82493 495548.4123 ] [ -65392.61896 -598876.23013 901605.21796 318729.35993 -314054.66311 -108295.60593 ] [ 459474.74259 -583585.43938 318729.35993 1867270.17316 -1265880.92985 -304946.68316 ] [ -442456.76335 1296877.82493 -314054.66311 -1265880.92985 3042510.30242 635050.55393 ] [ -267901.30803 495548.4123 -108295.60593 -304946.68316 635050.55393 727537.91049 ] ] ]

State
Pi 0.120835
A 0.017988 0 0.013337 0 0.918086 0.004588 0 0.020637 0.025364 
MultiGaussianOPDF [ [ -6288.37076 -2722.03919 3228.41221 -4963.13843 -5870.23457 865.82378 ] [ [ 13794737.28236 -5358028.59329 1903131.59311 3523416.00028 646641.08468 783591.66809 ] [ -5358028.59329 11567982.64435 -3838606.31618 1500359.85284 1569746.18962 -1658803.83408 ] [ 1903131.59311 -3838606.31618 6643093.6629 -1800744.48916 -1247652.44432 1733935.37369 ] [ 3523416.00028 1500359.85284 -1800744.48916 13162203.73955 910921.44017 -535095.70302 ] [ 646641.08468 1569746.18962 -1247652.44432 910921.44017 6710957.75219 692120.15823 ] [ 783591.66809 -1658803.83408 1733935.37369 -535095.70302 692120.15823 5422141.00829 ] ] ]

State
Pi 0
A 0 0.001718 0.004979 0.004482 0.002444 0.985973 0 0 0.000405 
MultiGaussianOPDF [ [ -6338.54865 925.44288 4568.5432 -5341.14857 -2051.07476 4791.17001 ] [ [ 4602429.12973 -48754.64633 221001.74893 1401350.30672 608880.65384 -976522.93587 ] [ -48754.64633 2070544.40843 -238875.85684 48424.55527 240746.65082 218549.38957 ] [ 221001.74893 -238875.85684 1705501.45842 4839.18894 -207592.7336 -126633.15882 ] [ 1401350.30672 48424.55527 4839.18894 2667163.87068 631036.46066 -583659.75539 ] [ 608880.65384 240746.65082 -207592.7336 631036.46066 1962292.42753 -47937.8953 ] [ -976522.93587 218549.38957 -126633.15882 -583659.75539 -47937.8953 1349297.95178 ] ] ]

State
Pi 0.052131
A 0 0 0 0 0 0 0.950765 0.008714 0.040521 
MultiGaussianOPDF [ [ -22017.53486 -1847.77168 4871.93953 -20961.06886 -604.71246 5760.25955 ] [ [ 75632225.8751 6986723.29699 10433120.61452 58526567.33376 4138722.94114 -7392815.06038 ] [ 6986723.29699 61810946.77115 7860220.28585 3711985.73215 17827607.0801 977102.32127 ] [ 10433120.61452 7860220.28585 35871600.70845 12927829.39896 3886812.68806 5546915.50169 ] [ 58526567.33376 3711985.73215 12927829.39896 95128047.33667 9356856.29736 -4330211.75256 ] [ 4138722.94114 17827607.0801 3886812.68806 9356856.29736 56177189.17729 4166892.89401 ] [ -7392815.06038 977102.32127 5546915.50169 -4330211.75256 4166892.89401 37960607.66741 ] ] ]

State
Pi 0.000352
A 0.001307 0.008617 0 0 0.009415 0 0.003849 0.96933 0.007481 
MultiGaussianOPDF [ [ -14669.76621 6290.77487 -149.78631 -13441.01111 -7364.73479 1319.52944 ] [ [ 21643668.11698 16357.59588 2603592.42955 6193643.2347 1523606.20462 4024148.1492 ] [ 16357.59588 12796202.35672 -2707390.65253 1227130.79472 -3706939.23291 2466700.55946 ] [ 2603592.42955 -2707390.65253 10914043.50707 2222185.78254 -1745300.75613 2243092.69254 ] [ 6193643.2347 1227130.79472 2222185.78254 21307456.91411 -1464006.24566 5524606.74922 ] [ 1523606.20462 -3706939.23291 -1745300.75613 -1464006.24566 15648061.42114 -961403.31889 ] [ 4024148.1492 2466700.55946 2243092.69254 5524606.74922 -961403.31889 9700902.07111 ] ] ]

State
Pi 0.000004
A 0.000939 0.015745 0 0 0.009864 0.006655 0.021102 0.002829 0.942866 
MultiGaussianOPDF [ [ -14651.88581 472.42228 4410.05244 -13835.94223 -309.92434 5024.61588 ] [ [ 19135154.50335 2059349.81652 2614769.84519 7707454.08329 -2348498.54208 -331037.52548 ] [ 2059349.81652 12376674.06705 211405.9674 5206058.07954 2526626.72236 157947.89598 ] [ 2614769.84519 211405.9674 6845113.71909 715508.17178 -2275769.32281 -1449031.57391 ] [ 7707454.08329 5206058.07954 715508.17178 21825833.14293 121319.56336 377808.86087 ] [ -2348498.54208 2526626.72236 -2275769.32281 121319.56336 10710146.22686 867159.79683 ] [ -331037.52548 157947.89598 -1449031.57391 377808.86087 867159.79683 8909801.86011 ] ] ]

RINGMASTER_ERUPTION -1.7976931348623157E308 -1.7976931348623157E308 0 
NYAN_CAT -7527.482443656863 -1760.8428389308915 1 
Hmm v1.0

NbStates 9

State
Pi 0.073016
A 0.768839 0.111193 0.032754 0 0.086599 0 0 0 0.000615 
MultiGaussianOPDF [ [ -4216.58971 2556.00997 4648.92321 2464.65259 2422.50653 -2632.32854 ] [ [ 7244531.13749 720038.52482 -626353.80913 558112.85493 499710.7127 -590546.28305 ] [ 720038.52482 4534521.91195 2818976.65057 1062953.39258 398981.5407 -97631.68858 ] [ -626353.80913 2818976.65057 18069137.36162 -468649.55761 -612619.42372 -1902594.87601 ] [ 558112.85493 1062953.39258 -468649.55761 5430635.69103 996405.2754 -343910.92536 ] [ 499710.7127 398981.5407 -612619.42372 996405.2754 3658325.51926 -2442997.25698 ] [ -590546.28305 -97631.68858 -1902594.87601 -343910.92536 -2442997.25698 8230101.00671 ] ] ]

State
Pi 0.035484
A 0 0.77547 0.221836 0 0.001217 0 0 0 0.001477 
MultiGaussianOPDF [ [ -1766.8458 2880.08231 10240.53954 -1238.90984 2343.70001 -6772.71781 ] [ [ 30162769.19722 -4076175.10218 10333428.56702 -517968.61584 -2488397.92472 -3909221.2056 ] [ -4076175.10218 30841892.86182 4631949.93217 -2907018.33589 6245508.44027 -3649556.20162 ] [ 10333428.56702 4631949.93217 62768752.93128 -5264201.48918 -4176304.77038 -5595576.19359 ] [ -517968.61584 -2907018.33589 -5264201.48918 28767429.30743 13251794.68976 -5297211.26697 ] [ -2488397.92472 6245508.44027 -4176304.77038 13251794.68976 22832343.0595 -13682411.68683 ] [ -3909221.2056 -3649556.20162 -5595576.19359 -5297211.26697 -13682411.68683 22678354.83785 ] ] ]

State
Pi 0.060599
A 0 0.010324 0.792022 0.065861 0.002832 0.073378 0.00321 0.042324 0.010049 
MultiGaussianOPDF [ [ -190.51399 319.84227 6807.38007 -3996.83791 -3914.07019 3914.41253 ] [ [ 11948133.67628 -6096716.40527 -6968717.53974 1278152.44969 -1463849.79068 -2136216.26362 ] [ -6096716.40527 12497221.28067 6224268.19097 235818.72242 -356616.41215 -1129636.27695 ] [ -6968717.53974 6224268.19097 29849955.4553 1949107.46372 2887849.83721 6839841.45041 ] [ 1278152.44969 235818.72242 1949107.46372 15011441.51271 3492175.05885 6620065.60488 ] [ -1463849.79068 -356616.41215 2887849.83721 3492175.05885 9591748.35504 -3712689.72318 ] [ -2136216.26362 -1129636.27695 6839841.45041 6620065.60488 -3712689.72318 24399507.27599 ] ] ]

State
Pi 0.044045
A 0 0 0.002814 0.810726 0.002439 0.003375 0.041463 0.134174 0.00501 
MultiGaussianOPDF [ [ 2729.57945 -1076.13611 1501.34794 -2435.23512 -2572.8903 5056.12737 ] [ [ 2856651.8936 -845214.63331 -916039.95286 789605.06657 -156986.50797 -609570.52634 ] [ -845214.63331 1399492.99154 -174607.50562 54380.17843 72888.7476 -109513.42038 ] [ -916039.95286 -174607.50562 7447084.24819 1278097.10245 601646.84795 -770695.39158 ] [ 789605.06657 54380.17843 1278097.10245 5809358.05814 1155154.96585 -230265.95746 ] [ -156986.50797 72888.7476 601646.84795 1155154.96585 2285869.93223 -153685.76225 ] [ -609570.52634 -109513.42038 -770695.39158 -230265.95746 -153685.76225 6515050.55543 ] ] ]

State
Pi 0.047121
A 0.000425 0.001695 0.033755 0.099835 0.856961 0 0.003441 0 0.003888 
MultiGaussianOPDF [ [ -97.8924 -64.14011 8096.15928 910.12518 274.84116 -707.49692 ] [ [ 5030515.75828 392307.44314 -1599539.80147 -1694809.73115 -480672.2059 960767.7209 ] [ 392307.44314 4683497.54841 -1898413.90787 -23293.23607 1210056.42889 1011104.07903 ] [ -1599539.80147 -1898413.90787 6522536.89464 -114263.57528 -185136.24832 -1829136.88771 ] [ -1694809.73115 -23293.23607 -114263.57528 8027399.91981 2600785.32796 -4132533.7312 ] [ -480672.2059 1210056.42889 -185136.24832 2600785.32796 2783090.61514 -2077544.30366 ] [ 960767.7209 1011104.07903 -1829136.88771 -4132533.7312 -2077544.30366 5776712.23312 ] ] ]

State
Pi 0.045443
A 0.14428 0 0.020854 0 0 0.815235 0.003168 0.005584 0.010879 
MultiGaussianOPDF [ [ -697.14131 139.14544 -4164.58266 2244.23202 -4956.79365 9556.35277 ] [ [ 27107173.3169 -11549798.56316 -20296692.26146 1493692.19296 -10095582.8428 201054.77105 ] [ -11549798.56316 18944019.98069 10859641.48264 7236212.03452 8474398.89138 356576.18666 ] [ -20296692.26146 10859641.48264 57803254.12121 -11963157.45486 11440994.11293 -8005262.57508 ] [ 1493692.19296 7236212.03452 -11963157.45486 45706123.41009 -3519444.3634 14704594.3763 ] [ -10095582.8428 8474398.89138 11440994.11293 -3519444.3634 28230819.88339 -8487356.86037 ] [ 201054.77105 356576.18666 -8005262.57508 14704594.3763 -8487356.86037 35408726.11481 ] ] ]

State
Pi 0.160045
A 0.070161 0 0 0.004271 0.073992 0 0.84118 0.000444 0.009951 
MultiGaussianOPDF [ [ 433.4687 902.33328 1590.14014 2536.83788 531.18406 2962.7276 ] [ [ 3614266.19134 -925172.79014 -1553493.18021 94857.42802 -811014.74751 555616.35445 ] [ -925172.79014 964426.34875 1299571.20115 343901.16075 426745.19381 -867904.52125 ] [ -1553493.18021 1299571.20115 5757910.3238 632411.72332 483819.1159 -2064064.47827 ] [ 94857.42802 343901.16075 632411.72332 3400027.50518 910266.1579 -3440408.14872 ] [ -811014.74751 426745.19381 483819.1159 910266.1579 2332404.49184 -2370908.75322 ] [ 555616.35445 -867904.52125 -2064064.47827 -3440408.14872 -2370908.75322 8526718.60134 ] ] ]

State
Pi 0.043994
A 0.00011 0 0 0.00003 0 0.054743 0.086388 0.806731 0.051998 
MultiGaussianOPDF [ [ 3058.28109 -747.30764 -2745.5863 687.63927 -2468.30244 9293.43278 ] [ [ 4546822.19629 -714824.90504 -706829.3441 -1397004.36338 490595.05972 -257050.26894 ] [ -714824.90504 2823686.57219 -512014.29808 -403723.93832 591822.64857 186566.91383 ] [ -706829.3441 -512014.29808 3905521.1306 961519.8182 -585099.97291 -1072410.91319 ] [ -1397004.36338 -403723.93832 961519.8182 11646725.79293 1092293.715 -922856.10159 ] [ 490595.05972 591822.64857 -585099.97291 1092293.715 6603290.07976 -1383578.85177 ] [ -257050.26894 186566.91383 -1072410.91319 -922856.10159 -1383578.85177 6974354.45766 ] ] ]

State
Pi 0.490253
A 0.074757 0.016378 0.028827 0.042529 0.009621 0 0.002225 0 0.825662 
MultiGaussianOPDF [ [ 2947.45732 -640.04644 -472.8281 2888.78713 2264.2127 -1761.39201 ] [ [ 4033096.26415 -800759.65789 1313464.76602 961338.84035 -591806.46418 -320393.46621 ] [ -800759.65789 2763036.5376 1099136.37928 347247.14731 84947.7345 -615358.42443 ] [ 1313464.76602 1099136.37928 12243056.49519 367133.67721 -1141335.75642 -229742.96476 ] [ 961338.84035 347247.14731 367133.67721 4809677.63098 893962.46039 -492237.01825 ] [ -591806.46418 84947.7345 -1141335.75642 893962.46039 3604352.83065 -1402479.91806 ] [ -320393.46621 -615358.42443 -229742.96476 -492237.01825 -1402479.91806 6884640.4948 ] ] ]

SUMO_HEADBUTT -3934.2334392713624 -751.0184932575193 1 
Hmm v1.0

NbStates 9

State
Pi 0
A 0.678741 0.31775 0 0.000567 0.002942 0 0 0 0 
MultiGaussianOPDF [ [ -15979.97447 1187.26891 4040.3728 -25864.11874 -4841.62855 7988.15399 ] [ [ 161685575.22022 -41874676.55953 -65483888.70213 29747265.50771 15452695.62686 -40805171.3898 ] [ -41874676.55953 95186185.95547 41351680.97482 -10120030.05714 -16007326.21772 35832162.22979 ] [ -65483888.70213 41351680.97482 88265990.16049 -7739060.00455 -17111390.63961 39981053.89025 ] [ 29747265.50771 -10120030.05714 -7739060.00455 45796411.17749 10864745.08076 -39007656.30522 ] [ 15452695.62686 -16007326.21772 -17111390.63961 10864745.08076 75380167.03214 -25920022.42984 ] [ -40805171.3898 35832162.22979 39981053.89025 -39007656.30522 -25920022.42984 123125990.25702 ] ] ]

State
Pi 0
A 0.060222 0.688677 0.00056 0.004832 0.002929 0 0.241056 0.001725 0 
MultiGaussianOPDF [ [ -8707.46794 1786.30998 1348.95851 -3401.70413 407.33553 -577.58372 ] [ [ 129513451.18284 -27480593.29681 -65777637.07368 22670131.70731 21609598.42412 -8651224.00554 ] [ -27480593.29681 130721646.51662 18632374.84967 -8814979.02215 -36765895.76788 11399369.34996 ] [ -65777637.07368 18632374.84967 103499552.56655 -8027502.43428 -22344289.62398 23093535.02701 ] [ 22670131.70731 -8814979.02215 -8027502.43428 40349756.73907 5019677.54745 -18973335.13987 ] [ 21609598.42412 -36765895.76788 -22344289.62398 5019677.54745 123845685.68626 -8957606.93182 ] [ -8651224.00554 11399369.34996 23093535.02701 -18973335.13987 -8957606.93182 69673155.30564 ] ] ]

State
Pi 0.001462
A 0 0 0.979543 0.007628 0.007539 0.00085 0.00444 0 0 
MultiGaussianOPDF [ [ -1459.28252 -542.61869 5045.12408 -1348.44914 -476.0266 4963.36703 ] [ [ 1286289.67912 -458354.70951 -141811.4546 873953.84647 57739.84762 113503.02662 ] [ -458354.70951 5939338.36383 419062.66703 -518097.95209 -2401807.53281 -456325.3889 ] [ -141811.4546 419062.66703 2876622.67247 93325.6476 -947743.62612 1550226.58527 ] [ 873953.84647 -518097.95209 93325.6476 1563143.85127 409063.91359 62385.42086 ] [ 57739.84762 -2401807.53281 -947743.62612 409063.91359 4089418.33495 -95453.76554 ] [ 113503.02662 -456325.3889 1550226.58527 62385.42086 -95453.76554 2767190.04877 ] ] ]

State
Pi 0.126064
A 0 0.015205 0.005701 0.900837 0 0.014225 0.060605 0.003427 0 
MultiGaussianOPDF [ [ -5796.45032 4166.16318 -560.79922 -6106.57632 -4073.40519 -1186.33846 ] [ [ 29042845.27879 3712409.83691 -3097313.74161 25462010.117 -4617034.49999 -2962268.60724 ] [ 3712409.83691 24390824.62064 -5441927.54648 -860157.90698 -17320580.1411 -9456601.63498 ] [ -3097313.74161 -5441927.54648 7747019.96544 -1477304.43585 2743454.06298 7598203.77102 ] [ 25462010.117 -860157.90698 -1477304.43585 27953893.06271 -153301.79343 -382860.46247 ] [ -4617034.49999 -17320580.1411 2743454.06298 -153301.79343 20358112.80494 7348732.30022 ] [ -2962268.60724 -9456601.63498 7598203.77102 -382860.46247 7348732.30022 15663062.71203 ] ] ]

State
Pi 0
A 0.145533 0.062994 0.022795 0.001376 0.712177 0 0.055124 0 0 
MultiGaussianOPDF [ [ -5688.63382 -828.45245 3209.57687 -8546.98909 62.7942 3532.54176 ] [ [ 51822120.86387 -17318670.05453 -24388467.24005 5712693.14407 9471119.60267 -8096890.59492 ] [ -17318670.05453 19691071.11202 11720583.20174 -688529.67167 -6267835.52371 3912365.05804 ] [ -24388467.24005 11720583.20174 23552217.64471 -1440425.76168 -5299745.71696 5597540.85409 ] [ 5712693.14407 -688529.67167 -1440425.76168 28642492.59438 8577733.31747 -19665984.38324 ] [ 9471119.60267 -6267835.52371 -5299745.71696 8577733.31747 21961063.18415 -11193514.88193 ] [ -8096890.59492 3912365.05804 5597540.85409 -19665984.38324 -11193514.88193 22287381.82676 ] ] ]

State
Pi 0.455672
A 0 0 0.006937 0.014172 0 0.900275 0.005095 0.046231 0.027291 
MultiGaussianOPDF [ [ 3244.53236 2494.34428 1482.98821 3828.48657 -2334.64657 411.14747 ] [ [ 3142625.60814 -174482.09784 1108396.74475 2723846.6233 168975.47155 703243.0966 ] [ -174482.09784 4204888.51424 -102478.74464 184743.12524 -2968154.04454 -1215743.66731 ] [ 1108396.74475 -102478.74464 5224712.03615 2003456.87767 15475.18016 3348578.0664 ] [ 2723846.6233 184743.12524 2003456.87767 3427743.8627 -71842.53653 910744.4241 ] [ 168975.47155 -2968154.04454 15475.18016 -71842.53653 3398905.06238 854427.17075 ] [ 703243.0966 -1215743.66731 3348578.0664 910744.4241 854427.17075 3549388.30619 ] ] ]

State
Pi 0.016875
A 0 0.018789 0.115068 0 0.145069 0.000995 0.716259 0.00382 0 
MultiGaussianOPDF [ [ -897.39378 -2522.69456 488.6347 -592.56155 3570.81323 1966.90621 ] [ [ 15541722.40705 -3612280.80295 -4269142.68857 4661025.63689 3336099.25016 -3043315.89342 ] [ -3612280.80295 23388667.89691 4265216.68763 -203458.07153 -5075579.01781 1091078.41714 ] [ -4269142.68857 4265216.68763 15022675.97398 -1613974.10844 -2483227.29371 7350764.40446 ] [ 4661025.63689 -203458.07153 -1613974.10844 10120032.2705 4436462.55658 -5684303.16736 ] [ 3336099.25016 -5075579.01781 -2483227.29371 4436462.55658 15913797.60331 -3161792.7736 ] [ -3043315.89342 1091078.41714 7350764.40446 -5684303.16736 -3161792.7736 13597818.86129 ] ] ]

State
Pi 0.194561
A 0 0 0 0 0 0.014677 0.083874 0.884446 0.017003 
MultiGaussianOPDF [ [ 4434.60408 -1593.5705 -336.16775 5522.79559 721.80189 622.23672 ] [ [ 5231747.81945 -2815910.51082 209838.13124 3103192.291 2293951.09285 384789.89722 ] [ -2815910.51082 9038833.17112 -67371.17299 -1673394.62335 -5168605.94942 286352.53767 ] [ 209838.13124 -67371.17299 4852945.4071 -31738.45111 87471.41904 2725725.41188 ] [ 3103192.291 -1673394.62335 -31738.45111 4351141.48625 2126590.19947 -375337.37498 ] [ 2293951.09285 -5168605.94942 87471.41904 2126590.19947 9576182.04657 -1136042.56755 ] [ 384789.89722 286352.53767 2725725.41188 -375337.37498 -1136042.56755 4959812.82837 ] ] ]

State
Pi 0.205366
A 0 0.028334 0 0 0.022516 0.001349 0.037888 0.03023 0.879683 
MultiGaussianOPDF [ [ 8812.15915 2642.09422 444.76763 9517.60151 -932.86029 -1690.38436 ] [ [ 22268666.97372 -12825679.30495 -15426687.89422 13995108.81758 11709226.83563 -18042801.81756 ] [ -12825679.30495 28181846.08693 15525532.75877 -6604016.67207 -19607513.32753 16140603.58184 ] [ -15426687.89422 15525532.75877 32296729.5801 -6282451.05804 -16174032.97635 25253984.6494 ] [ 13995108.81758 -6604016.67207 -6282451.05804 16030317.09653 3730301.27805 -12081319.04904 ] [ 11709226.83563 -19607513.32753 -16174032.97635 3730301.27805 32888188.46708 -17005044.27585 ] [ -18042801.81756 16140603.58184 25253984.6494 -12081319.04904 -17005044.27585 39130243.78766 ] ] ]

RIGHT_SHORYUKEN -3231.0311503438106 -651.1413049939785 1 
Hmm v1.0

NbStates 6

State
Pi 0.365087
A 0.900414 0 0.079607 0.012519 0.007459 0 
MultiGaussianOPDF [ [ 1384.21751 64.13471 -4546.28454 ] [ [ 10943477.14551 -1659903.99305 6380661.20728 ] [ -1659903.99305 20085063.6058 4701554.20411 ] [ 6380661.20728 4701554.20411 15046596.89839 ] ] ]

State
Pi 0.038947
A 0.003346 0.861993 0 0.000028 0.131185 0.003447 
MultiGaussianOPDF [ [ -19051.02553 -20174.51478 -12231.82878 ] [ [ 82545025.70486 8036978.07489 40680623.38206 ] [ 8036978.07489 66421004.1208 42766381.72899 ] [ 40680623.38206 42766381.72899 115010476.23698 ] ] ]

State
Pi 0.171642
A 0.019846 0.042669 0.797139 0 0.061837 0.078509 
MultiGaussianOPDF [ [ -8579.21132 -6234.17844 -19661.60713 ] [ [ 120191663.61775 10552782.196 47193529.96618 ] [ 10552782.196 29481332.66571 5539730.30867 ] [ 47193529.96618 5539730.30867 47458505.76662 ] ] ]

State
Pi 0.35079
A 0.102602 0 0.00023 0.882725 0.014442 0 
MultiGaussianOPDF [ [ -1478.61071 -2508.56292 -489.67866 ] [ [ 5109875.65721 958202.30981 2976291.79824 ] [ 958202.30981 5865610.988 3103207.94625 ] [ 2976291.79824 3103207.94625 9350814.42487 ] ] ]

State
Pi 0.044752
A 0.00909 0.021033 0.007057 0.130566 0.832255 0 
MultiGaussianOPDF [ [ -6978.70284 -7678.74191 -4074.4401 ] [ [ 20043491.55161 -1917577.38139 13078981.71189 ] [ -1917577.38139 23782954.22113 13151780.16237 ] [ 13078981.71189 13151780.16237 41843277.78945 ] ] ]

State
Pi 0.028781
A 0 0.047374 0.1248 0.001921 0.001237 0.824668 
MultiGaussianOPDF [ [ -24287.61998 -8584.05405 -32848.90078 ] [ [ 43411864.95757 11229030.99536 96052.72482 ] [ 11229030.99536 86104065.62165 -123349.00789 ] [ 96052.72482 -123349.00789 5907.83265 ] ] ]

RIGHT_HOOK -1483.044172890885 -304.80055473303224 1 
Hmm v1.0

NbStates 6

State
Pi 0.003516
A 0.897349 0 0 0.102651 0 0 
MultiGaussianOPDF [ [ -19515.67743 4107.81121 -9397.62686 ] [ [ 47758462.62642 11318464.93934 43580402.52279 ] [ 11318464.93934 39078507.82202 27457156.76203 ] [ 43580402.52279 27457156.76203 121600015.67591 ] ] ]

State
Pi 0.698641
A 0 0.876367 0.052528 0.001149 0.069955 0 
MultiGaussianOPDF [ [ 4150.30826 -4871.6894 -4291.31861 ] [ [ 10079365.03501 -226284.23515 -1633181.75793 ] [ -226284.23515 4888780.36367 -1454580.63882 ] [ -1633181.75793 -1454580.63882 13136152.49119 ] ] ]

State
Pi 0.260808
A 0 0.001348 0.841826 0.0064 0.006537 0.143888 
MultiGaussianOPDF [ [ -1193.36739 -14401.50935 -7039.27665 ] [ [ 30385387.37287 4803266.29813 4175531.66497 ] [ 4803266.29813 23330616.56856 -6131001.51236 ] [ 4175531.66497 -6131001.51236 41665177.5532 ] ] ]

State
Pi 0
A 0 0.013849 0.002428 0.983723 0 0 
MultiGaussianOPDF [ [ -5914.26377 207.80208 2858.35699 ] [ [ 12730972.38239 1812855.75466 2155299.41494 ] [ 1812855.75466 7306589.6073 1219350.54821 ] [ 2155299.41494 1219350.54821 4796895.44724 ] ] ]

State
Pi 0.026274
A 0.016686 0 0 0.04686 0.916128 0.020327 
MultiGaussianOPDF [ [ -3829.30542 -2821.20486 -10986.41786 ] [ [ 29439177.10769 -518893.31564 -4169545.30108 ] [ -518893.31564 7575654.42055 -2152084.12793 ] [ -4169545.30108 -2152084.12793 14456532.66292 ] ] ]

State
Pi 0.010761
A 0.171439 0 0 0.000001 0 0.82856 
MultiGaussianOPDF [ [ -17631.78569 -14554.7483 -16552.18518 ] [ [ 82973559.88574 13776590.99126 -25069479.46785 ] [ 13776590.99126 60866603.04422 -11453722.92596 ] [ -25069479.46785 -11453722.92596 92874803.10055 ] ] ]

YMCA -8153.482076458518 -3188.4329929253645 1 
Hmm v1.0

NbStates 9

State
Pi 0
A 0.899844 0.018021 0 0.001897 0.009484 0.025704 0.018521 0.012277 0.014252 
MultiGaussianOPDF [ [ -1147.90877 -192.60124 3061.6905 -1091.65449 1191.6668 -4500.07683 ] [ [ 16347887.59439 -3573328.14202 -9524772.33117 -5726549.27812 -607466.07051 7080411.55643 ] [ -3573328.14202 9008273.76327 -33579.65225 1566660.88957 1420618.14706 -5523552.02203 ] [ -9524772.33117 -33579.65225 26875328.8058 6889577.96365 -384229.12849 -515170.09371 ] [ -5726549.27812 1566660.88957 6889577.96365 36732850.741 3577547.32295 -17268736.29282 ] [ -607466.07051 1420618.14706 -384229.12849 3577547.32295 14619385.77503 -4309843.92191 ] [ 7080411.55643 -5523552.02203 -515170.09371 -17268736.29282 -4309843.92191 95998548.48975 ] ] ]

State
Pi 0.007471
A 0.014342 0.895217 0 0.00303 0.020608 0.034463 0.029187 0.003152 0 
MultiGaussianOPDF [ [ -1600.39654 -150.41183 1591.19306 2004.18187 557.34034 1615.83754 ] [ [ 6571436.95835 -140858.77607 1376864.91734 1498533.58614 514141.59213 1149519.9588 ] [ -140858.77607 2366752.99338 -1496329.48419 -606897.57583 -321930.77895 -40969.00549 ] [ 1376864.91734 -1496329.48419 10188026.81049 4372705.77749 459249.94828 -67013.85601 ] [ 1498533.58614 -606897.57583 4372705.77749 6388783.15832 467051.54741 -869677.55221 ] [ 514141.59213 -321930.77895 459249.94828 467051.54741 2027530.78982 548353.2663 ] [ 1149519.9588 -40969.00549 -67013.85601 -869677.55221 548353.2663 4791989.50518 ] ] ]

State
Pi 0
A 0 0 0.942181 0 0.004738 0 0.035249 0 0.017832 
MultiGaussianOPDF [ [ -12602.92249 7944.74473 -21630.56186 -4255.75093 -383.7051 3425.65327 ] [ [ 55229883.69756 1146567.65936 -19630579.5475 -4215482.19783 9804212.6389 16806418.77695 ] [ 1146567.65936 35459015.75175 -12113448.45729 -11334722.53919 14704518.52802 5565150.38591 ] [ -19630579.5475 -12113448.45729 128629460.54032 58928467.60941 -11027771.80282 -63665587.24737 ] [ -4215482.19783 -11334722.53919 58928467.60941 46807329.60028 -9843414.07103 -40071139.31787 ] [ 9804212.6389 14704518.52802 -11027771.80282 -9843414.07103 25862540.59686 10925741.86744 ] [ 16806418.77695 5565150.38591 -63665587.24737 -40071139.31787 10925741.86744 64723990.49241 ] ] ]

State
Pi 0.568298
A 0.014998 0.000217 0 0.885267 0 0.026897 0.000283 0.036213 0.036125 
MultiGaussianOPDF [ [ -1640.89989 579.84081 773.55878 -2151.72785 -191.26293 580.58064 ] [ [ 9063153.64416 155127.94583 1400395.07438 7574557.31596 474398.98863 1866770.63165 ] [ 155127.94583 12757709.90825 3319732.1818 771200.12805 -10496483.1935 2923082.22659 ] [ 1400395.07438 3319732.1818 6032360.52399 836005.03997 -3724254.26083 4689104.17476 ] [ 7574557.31596 771200.12805 836005.03997 8342689.03476 246757.67795 1214371.86271 ] [ 474398.98863 -10496483.1935 -3724254.26083 246757.67795 11586587.59628 -2861494.95587 ] [ 1866770.63165 2923082.22659 4689104.17476 1214371.86271 -2861494.95587 5709036.48804 ] ] ]

State
Pi 0.004772
A 0.002581 0.010631 0 0.000025 0.918461 0.004366 0.040578 0.021969 0.00139 
MultiGaussianOPDF [ [ 2739.15584 2757.49186 -10709.30128 -707.11447 203.92707 4033.67746 ] [ [ 21841379.89481 3750512.37336 -7506455.83454 3975527.85992 1972369.42067 -3037742.72093 ] [ 3750512.37336 17337298.8762 -2480794.11904 3952209.12653 2539960.28681 -3051410.87766 ] [ -7506455.83454 -2480794.11904 28333610.2383 2821372.34529 3137138.02579 -752220.40302 ] [ 3975527.85992 3952209.12653 2821372.34529 11434645.95787 1851212.22797 -8725857.83381 ] [ 1972369.42067 2539960.28681 3137138.02579 1851212.22797 4636652.03223 -40448.82992 ] [ -3037742.72093 -3051410.87766 -752220.40302 -8725857.83381 -40448.82992 12726647.86678 ] ] ]

State
Pi 0.012804
A 0.031296 0.062526 0 0.004049 0.001274 0.900828 0.000029 0 0 
MultiGaussianOPDF [ [ -2127.50104 -1757.36516 5273.37327 -1010.42458 827.61021 6087.06917 ] [ [ 4412969.45827 311901.21706 -1232000.77273 1372213.84672 -387049.91558 -537455.13479 ] [ 311901.21706 6263452.2592 -1497243.50424 440215.89423 -3714096.40981 -624534.00726 ] [ -1232000.77273 -1497243.50424 7492374.26714 1342696.41195 -423978.75814 717561.81888 ] [ 1372213.84672 440215.89423 1342696.41195 6717515.97431 -1217005.35166 -882077.90792 ] [ -387049.91558 -3714096.40981 -423978.75814 -1217005.35166 5767966.59601 1236449.62474 ] [ -537455.13479 -624534.00726 717561.81888 -882077.90792 1236449.62474 5858915.99872 ] ] ]

State
Pi 0.011223
A 0.012297 0.043273 0.013397 0 0.038 0 0.883448 0.0078 0.001785 
MultiGaussianOPDF [ [ -5326.88803 1646.77463 -7489.85474 2217.97633 317.81826 528.19228 ] [ [ 11084913.82649 -542522.20497 -1771915.18139 2145417.05132 -605672.07081 -1175082.75603 ] [ -542522.20497 4418782.00546 -1863651.93638 1505676.81767 22655.63013 162982.72755 ] [ -1771915.18139 -1863651.93638 27325945.15873 6170854.49399 1020949.67466 -4781023.13609 ] [ 2145417.05132 1505676.81767 6170854.49399 10203671.62918 194605.7326 -6007029.9814 ] [ -605672.07081 22655.63013 1020949.67466 194605.7326 2648819.93076 1617002.538 ] [ -1175082.75603 162982.72755 -4781023.13609 -6007029.9814 1617002.538 11256336.37796 ] ] ]

State
Pi 0.170774
A 0.006954 0.033004 0 0.022577 0.009224 0.000002 0.001718 0.919039 0.007481 
