27
LEFT_UPPERCUT 1
Hmm v1.0

NbStates 5

State
Pi 0.587315
A 0.900663 0.011601 0.087736 0 0 
MultiGaussianOPDF [ [ -7.77716 1187.72547 -4337.81273 ] [ [ 3858470.40109 1145465.91809 -1636352.23147 ] [ 1145465.91809 1283507.10721 -292141.62511 ] [ -1636352.23147 -292141.62511 4450539.73665 ] ] ]

State
Pi 0.13983
A 0.059482 0.922402 0.007389 0.007147 0.00358 
MultiGaussianOPDF [ [ -6056.8876 2143.70495 -13275.26023 ] [ [ 25198029.39466 -1597836.30867 9191786.28696 ] [ -1597836.30867 8217280.83376 -6076636.54321 ] [ 9191786.28696 -6076636.54321 35030909.75631 ] ] ]

State
Pi 0.272855
A 0.007334 0.012742 0.80926 0 0.170664 
MultiGaussianOPDF [ [ 6028.16487 6074.61662 -8388.49094 ] [ [ 10556114.72785 2332643.78829 -4298912.23187 ] [ 2332643.78829 23992621.3825 -5213965.27876 ] [ -4298912.23187 -5213965.27876 20602383.71658 ] ] ]

State
Pi 0
A 0 0.08559 0 0.91441 0 
MultiGaussianOPDF [ [ -10450.69512 -618.35749 -30571.1947 ] [ [ 116156679.30493 13746697.10959 9477961.68575 ] [ 13746697.10959 35857311.93896 5516066.87277 ] [ 9477961.68575 5516066.87277 7660216.44501 ] ] ]

State
Pi 0
A 0 0.13824 0 0.0804 0.78136 
MultiGaussianOPDF [ [ 3436.84215 5076.16589 -17983.28382 ] [ [ 15349695.63168 519222.02153 4725603.45488 ] [ 519222.02153 6588786.8929 900645.50709 ] [ 4725603.45488 900645.50709 7768129.65201 ] ] ]

RIGHT_CHOP 1
Hmm v1.0

NbStates 5

State
Pi 0.167473
A 0.813759 0 0 0.05863 0.12761 
MultiGaussianOPDF [ [ -4813.53899 10073.23626 215.61483 ] [ [ 5714584.1417 -1587309.06837 1123856.31791 ] [ -1587309.06837 14073886.58186 -540250.39257 ] [ 1123856.31791 -540250.39257 3778571.15308 ] ] ]

State
Pi 0.612109
A 0.08298 0.88738 0 0.029639 0 
MultiGaussianOPDF [ [ 569.94549 4659.95329 1422.32225 ] [ [ 4201541.20674 -2396339.13846 -393299.30856 ] [ -2396339.13846 5061165.59235 677230.84213 ] [ -393299.30856 677230.84213 610511.58672 ] ] ]

State
Pi 0.079948
A 0 0 0.948276 0.051724 0 
MultiGaussianOPDF [ [ -8531.9159 -7737.30552 -5149.54291 ] [ [ 46087112.3174 18089503.41259 -107846.6264 ] [ 18089503.41259 47950000.11121 19938084.98954 ] [ -107846.6264 19938084.98954 23809550.10765 ] ] ]

State
Pi 0.14047
A 0.036828 0.032648 0.116682 0.813842 0 
MultiGaussianOPDF [ [ -3972.86685 594.61316 -884.87005 ] [ [ 14916359.62349 -4533350.64438 -1095962.88706 ] [ -4533350.64438 11910876.31739 2288327.97745 ] [ -1095962.88706 2288327.97745 1029078.33104 ] ] ]

State
Pi 0
A 0 0 0.039739 0 0.960261 
MultiGaussianOPDF [ [ -21718.30641 8475.76221 -2856.15801 ] [ [ 64300480.16989 22384454.44902 9383864.48448 ] [ 22384454.44902 50169437.79434 1273618.91511 ] [ 9383864.48448 1273618.91511 13715901.16402 ] ] ]

HADOUKEN 1
Hmm v1.0

NbStates 7

State
Pi 0.558785
A 0.890175 0.024297 0.075566 0 0 0.009962 0 
MultiGaussianOPDF [ [ 443.06329 2424.24034 3391.83708 2986.46337 -1664.50921 -2595.89663 ] [ [ 1250928.72076 432826.11372 -788160.82544 616108.57462 -562938.49336 693097.37151 ] [ 432826.11372 3156436.01659 -1195383.72706 2494365.6502 -1366820.89977 1173596.51266 ] [ -788160.82544 -1195383.72706 2650148.37352 673901.14053 894426.15688 -447494.07441 ] [ 616108.57462 2494365.6502 673901.14053 7477939.23244 -1913245.2102 2344377.43559 ] [ -562938.49336 -1366820.89977 894426.15688 -1913245.2102 2194109.07923 -1648468.37135 ] [ 693097.37151 1173596.51266 -447494.07441 2344377.43559 -1648468.37135 3326119.8992 ] ] ]

State
Pi 0.196803
A 0 0.891324 0 0.014853 0.002968 0.04227 0.048584 
MultiGaussianOPDF [ [ 752.02169 923.36418 -3391.39276 2564.33453 -1539.45195 1705.68262 ] [ [ 5452148.55906 147915.12829 3068758.56668 1535799.67433 89243.84834 1040080.10608 ] [ 147915.12829 7837828.52948 2610738.08778 2306872.55937 -650037.0371 -2115179.71887 ] [ 3068758.56668 2610738.08778 6867593.15549 2172769.4919 212450.96946 -1635738.87492 ] [ 1535799.67433 2306872.55937 2172769.4919 5302786.7772 -380827.66498 -1806101.37219 ] [ 89243.84834 -650037.0371 212450.96946 -380827.66498 3910714.52314 1036279.21044 ] [ 1040080.10608 -2115179.71887 -1635738.87492 -1806101.37219 1036279.21044 6437565.28414 ] ] ]

State
Pi 0.008877
A 0.004024 0 0.907278 0 0 0.088699 0 
MultiGaussianOPDF [ [ -292.15656 -2802.64567 5372.05736 4757.37957 -274.59513 -4757.05622 ] [ [ 2802129.94418 714604.49984 800618.88175 843134.66518 -1005871.98038 1297001.91143 ] [ 714604.49984 5885939.05451 2074148.58729 447786.19563 -2050465.51141 2602437.37913 ] [ 800618.88175 2074148.58729 2976473.2426 2003029.0276 -1056078.78935 1106130.05911 ] [ 843134.66518 447786.19563 2003029.0276 6832628.54038 -328935.994 498290.9738 ] [ -1005871.98038 -2050465.51141 -1056078.78935 -328935.994 2980475.18841 -1764753.43465 ] [ 1297001.91143 2602437.37913 1106130.05911 498290.9738 -1764753.43465 3949042.21668 ] ] ]

State
Pi 0.113486
A 0 0.002733 0 0.956725 0.010524 0 0.030017 
MultiGaussianOPDF [ [ 3266.95706 -2461.10398 -1783.16273 3217.70111 -3234.79839 -882.80901 ] [ [ 638188.0359 374.83971 429729.80959 -180971.38582 -296003.60647 372524.74967 ] [ 374.83971 2140063.82058 218181.62146 -162868.02528 972030.22002 714854.99868 ] [ 429729.80959 218181.62146 1263646.4044 -18199.96083 122645.7361 472409.73318 ] [ -180971.38582 -162868.02528 -18199.96083 848977.68266 906804.23797 -287263.23734 ] [ -296003.60647 972030.22002 122645.7361 906804.23797 3794147.78502 730484.15539 ] [ 372524.74967 714854.99868 472409.73318 -287263.23734 730484.15539 1688079.04825 ] ] ]

State
Pi 0.082342
A 0 0.000097 0 0.004464 0.96758 0 0.027859 
MultiGaussianOPDF [ [ 2896.13996 1434.6705 -1008.30582 4771.37077 1239.44636 -815.71647 ] [ [ 694419.35406 -212522.54926 65514.24921 133850.64031 -188639.93694 -46770.06704 ] [ -212522.54926 1796126.83806 410452.1959 736032.90382 1121553.00023 -457136.26893 ] [ 65514.24921 410452.1959 1335004.4605 194003.89179 308838.07741 -39045.88292 ] [ 133850.64031 736032.90382 194003.89179 1049663.20494 605404.87205 -470571.40075 ] [ -188639.93694 1121553.00023 308838.07741 605404.87205 1660399.70885 -227492.20338 ] [ -46770.06704 -457136.26893 -39045.88292 -470571.40075 -227492.20338 817101.13262 ] ] ]

State
Pi 0.039707
A 0.006695 0.009338 0 0 0 0.983967 0 
MultiGaussianOPDF [ [ -1869.20278 656.68495 1652.36527 -3110.06662 278.0032 -3550.82433 ] [ [ 44663625.858 -2069657.87395 10615526.16139 24595380.14587 5027108.04913 -1331727.51198 ] [ -2069657.87395 26449945.05892 3292960.37575 6895157.8421 -5501988.08396 -7289850.12279 ] [ 10615526.16139 3292960.37575 28682945.84032 12213911.37653 3524873.64861 -18640142.00345 ] [ 24595380.14587 6895157.8421 12213911.37653 57071200.39433 -3862966.26188 -14977579.61893 ] [ 5027108.04913 -5501988.08396 3524873.64861 -3862966.26188 16129872.35408 2520496.09762 ] [ -1331727.51198 -7289850.12279 -18640142.00345 -14977579.61893 2520496.09762 32948813.13843 ] ] ]

State
Pi 0
A 0 0.016995 0 0 0.000015 0 0.98299 
MultiGaussianOPDF [ [ 3576.03997 216.84552 -5062.07039 6183.57013 1899.55014 868.39802 ] [ [ 7629282.15298 3984769.55296 -1181952.95729 3228055.1886 2951653.71525 -2813517.49501 ] [ 3984769.55296 26045201.58509 3356130.22279 7789208.35947 3627987.94453 -10091591.34544 ] [ -1181952.95729 3356130.22279 21715829.80654 -3380412.08216 5914090.07487 -13546867.1383 ] [ 3228055.1886 7789208.35947 -3380412.08216 15162901.34844 -3780159.55681 -5013203.92257 ] [ 2951653.71525 3627987.94453 5914090.07487 -3780159.55681 26392986.58428 -8581129.12281 ] [ -2813517.49501 -10091591.34544 -13546867.1383 -5013203.92257 -8581129.12281 27441510.93888 ] ] ]

DOUBLE_LARIAT 1
Hmm v1.0

NbStates 7

State
Pi 0.080399
A 0.937313 0.047769 0 0 0 0.014918 0 
MultiGaussianOPDF [ [ -5575.40303 3968.06184 1110.51509 -5851.31445 1942.23788 3308.68651 ] [ [ 7547916.42679 3812141.83324 2044112.37388 478194.49445 531614.15686 523328.46014 ] [ 3812141.83324 6338543.41445 682139.9308 -932876.57457 907474.69695 214367.81137 ] [ 2044112.37388 682139.9308 1947176.94839 272562.61475 -92573.36958 168295.08423 ] [ 478194.49445 -932876.57457 272562.61475 4373636.83448 1404045.15185 1275703.5212 ] [ 531614.15686 907474.69695 -92573.36958 1404045.15185 2999573.69427 1216077.02015 ] [ 523328.46014 214367.81137 168295.08423 1275703.5212 1216077.02015 1696699.76915 ] ] ]

State
Pi 0
A 0.009686 0.969264 0 0 0.014123 0.00596 0.000966 
MultiGaussianOPDF [ [ -9079.2911 992.267 351.56443 -9089.53617 -1332.57831 964.87163 ] [ [ 2417786.53555 -62227.19171 333040.76194 280700.75673 310094.0181 251071.34611 ] [ -62227.19171 1434986.1345 64509.59645 -938.75174 139814.47976 -9450.86122 ] [ 333040.76194 64509.59645 1630136.70088 190930.22426 2550.26207 200026.06914 ] [ 280700.75673 -938.75174 190930.22426 2622547.30996 101334.58055 984046.8172 ] [ 310094.0181 139814.47976 2550.26207 101334.58055 1164264.07346 150515.21055 ] [ 251071.34611 -9450.86122 200026.06914 984046.8172 150515.21055 1851555.91649 ] ] ]

State
Pi 0.360512
A 0.048952 0 0.93547 0.001843 0 0 0.013736 
MultiGaussianOPDF [ [ -1550.01634 3132.06134 2955.53171 -942.81741 1468.21456 4478.40593 ] [ [ 1190215.79804 -136756.27123 -152683.34214 301529.62887 -387427.24503 -235324.09679 ] [ -136756.27123 1658826.43219 -382514.31963 -434331.96799 869943.93251 170582.49693 ] [ -152683.34214 -382514.31963 490439.99184 137666.83101 -209952.76485 -48781.09261 ] [ 301529.62887 -434331.96799 137666.83101 1808779.61421 -1173036.92533 -56326.15423 ] [ -387427.24503 869943.93251 -209952.76485 -1173036.92533 1734351.57362 256146.76706 ] [ -235324.09679 170582.49693 -48781.09261 -56326.15423 256146.76706 541740.08514 ] ] ]

State
Pi 0.470183
A 0 0 0.005081 0.943724 0.03612 0 0.015075 
MultiGaussianOPDF [ [ -1474.30056 -1655.96472 4461.51326 -1166.40661 -3624.49016 2549.34972 ] [ [ 2443772.33059 1700740.54063 93712.93136 1297627.46064 384723.63011 556461.67261 ] [ 1700740.54063 2787754.81712 -103089.85279 886394.94765 1001018.14565 750270.34296 ] [ 93712.93136 -103089.85279 783651.94112 -81730.95625 -601217.87155 115006.6299 ] [ 1297627.46064 886394.94765 -81730.95625 1866104.94176 -14650.25397 4387.25757 ] [ 384723.63011 1001018.14565 -601217.87155 -14650.25397 1993164.20919 559942.51635 ] [ 556461.67261 750270.34296 115006.6299 4387.25757 559942.51635 1131774.71613 ] ] ]

State
Pi 0.088905
A 0 0.047976 0 0.002016 0.950008 0 0 
MultiGaussianOPDF [ [ -7013.37088 -1331.7733 1269.5857 -5274.1284 -4167.5747 733.026 ] [ [ 5788522.36019 -2437139.95605 1508382.96 732678.54673 374868.15914 187462.70109 ] [ -2437139.95605 3705269.3097 -975299.19665 -387017.00489 710279.16332 -111326.89737 ] [ 1508382.96 -975299.19665 2535193.87938 -408766.96713 714282.60239 817198.03167 ] [ 732678.54673 -387017.00489 -408766.96713 6639444.93501 -2207095.23641 348037.91116 ] [ 374868.15914 710279.16332 714282.60239 -2207095.23641 4062206.63087 1036504.51273 ] [ 187462.70109 -111326.89737 817198.03167 348037.91116 1036504.51273 1557797.78986 ] ] ]

State
Pi 0
A 0 0.01152 0 0 0 0.98848 0 
MultiGaussianOPDF [ [ -14395.50986 6025.86356 -1977.49637 -14926.96295 -4588.01983 -79.2566 ] [ [ 24641686.54121 -9592386.29474 7979302.51237 7045034.67595 3856345.11624 5030498.58181 ] [ -9592386.29474 18330185.4157 -6476373.62654 1419596.05296 -5263244.95867 -2180879.09074 ] [ 7979302.51237 -6476373.62654 16927359.28152 2685822.52542 2512946.80979 5890690.63566 ] [ 7045034.67595 1419596.05296 2685822.52542 28411164.01633 2883890.16481 7722393.68221 ] [ 3856345.11624 -5263244.95867 2512946.80979 2883890.16481 15523278.57944 3145420.72181 ] [ 5030498.58181 -2180879.09074 5890690.63566 7722393.68221 3145420.72181 6866272.91419 ] ] ]

State
Pi 0
A 0.000933 0 0.009353 0.008458 0.000879 0 0.980377 
MultiGaussianOPDF [ [ -5234.5488 404.98819 5035.57622 -4518.06746 -1806.08485 4497.85969 ] [ [ 2379618.13598 -20572.41184 -455460.51609 519698.11203 607853.38556 -67614.96604 ] [ -20572.41184 1495026.5404 -338695.68068 260215.21326 444690.35683 168799.43406 ] [ -455460.51609 -338695.68068 955877.39326 -220202.13558 -524283.01644 -124050.08122 ] [ 519698.11203 260215.21326 -220202.13558 1928423.23314 621902.74523 -9143.23868 ] [ 607853.38556 444690.35683 -524283.01644 621902.74523 1742294.25596 412895.20631 ] [ -67614.96604 168799.43406 -124050.08122 -9143.23868 412895.20631 640139.84982 ] ] ]

PSYCHO_CRUSHER 1
Hmm v1.0

NbStates 7

State
Pi 0.013965
A 0.920454 0 0.00967 0.041235 0.024428 0 0.004212 
MultiGaussianOPDF [ [ 2735.39809 -150.13688 -2282.26367 2964.0341 514.22013 -230.11318 ] [ [ 3006557.79703 1161857.64831 842635.98987 360662.11602 852901.64381 -730951.43194 ] [ 1161857.64831 5846416.33285 1112730.6567 255237.3933 -320048.29058 -783351.48839 ] [ 842635.98987 1112730.6567 5526014.60549 806672.74353 504771.08475 -584320.31401 ] [ 360662.11602 255237.3933 806672.74353 1668482.84722 610740.08263 -603217.20611 ] [ 852901.64381 -320048.29058 504771.08475 610740.08263 5918354.85494 -342029.88603 ] [ -730951.43194 -783351.48839 -584320.31401 -603217.20611 -342029.88603 4310321.85863 ] ] ]

State
Pi 0.311358
A 0 0.930859 0.034474 0.007072 0.0072 0.020395 0 
MultiGaussianOPDF [ [ -598.32466 198.22127 4786.3077 -615.91639 -1978.20287 4294.22951 ] [ [ 1470397.15102 495591.07032 -693048.05603 -49523.35777 318884.11426 299385.60774 ] [ 495591.07032 4683670.00213 -325008.02592 -660109.98004 1066976.33805 1361748.2398 ] [ -693048.05603 -325008.02592 3350367.43104 52195.24636 -1199192.64132 401071.48846 ] [ -49523.35777 -660109.98004 52195.24636 1201980.1856 -821854.3246 -1160923.83215 ] [ 318884.11426 1066976.33805 -1199192.64132 -821854.3246 3995017.14616 920334.86553 ] [ 299385.60774 1361748.2398 401071.48846 -1160923.83215 920334.86553 3743853.52189 ] ] ]

State
Pi 0.134991
A 0.001529 0.023198 0.882366 0.002154 0 0.029364 0.061389 
MultiGaussianOPDF [ [ -522.82603 1998.36185 894.2954 -2613.98363 -1168.43632 4449.97756 ] [ [ 9865699.66596 -807073.39346 -4348411.99916 4225267.45739 787881.38137 1792914.89912 ] [ -807073.39346 8303120.26002 146191.93968 3211135.67009 -2053367.72133 -502503.7699 ] [ -4348411.99916 146191.93968 8044330.79336 -2042783.61582 -473894.67861 -699271.05386 ] [ 4225267.45739 3211135.67009 -2042783.61582 11434392.08095 1900944.14165 -842523.42841 ] [ 787881.38137 -2053367.72133 -473894.67861 1900944.14165 9745772.7626 85162.05144 ] [ 1792914.89912 -502503.7699 -699271.05386 -842523.42841 85162.05144 5831754.47536 ] ] ]

State
Pi 0.534956
A 0.019863 0.040499 0.041242 0.886616 0.004803 0.006977 0 
MultiGaussianOPDF [ [ 2417.40597 632.1286 1732.62383 1870.63454 -3026.48323 1468.68849 ] [ [ 2592575.68105 266023.28329 193255.76837 1431619.62494 247465.30032 26668.75323 ] [ 266023.28329 7104971.75032 2410756.98385 985334.60988 -1285375.00246 -1478849.77941 ] [ 193255.76837 2410756.98385 4136749.3763 1417883.13427 182760.7561 -725426.11407 ] [ 1431619.62494 985334.60988 1417883.13427 3491589.27775 550323.22465 -495844.75305 ] [ 247465.30032 -1285375.00246 182760.7561 550323.22465 5168747.16553 223318.41147 ] [ 26668.75323 -1478849.77941 -725426.11407 -495844.75305 223318.41147 3003070.03576 ] ] ]

State
Pi 0.00473
A 0.014716 0 0.004993 0.036948 0.933522 0.008607 0.001214 
MultiGaussianOPDF [ [ 1517.87757 -1051.82717 426.98645 1135.14818 497.3889 -3636.90172 ] [ [ 2556505.10816 -304436.83963 -155235.62761 -91277.08637 -186977.66418 337316.76895 ] [ -304436.83963 8737962.24306 325482.92619 -12430.43321 2083198.42175 -710649.88254 ] [ -155235.62761 325482.92619 4742414.72885 309819.56906 -680259.75248 759064.8591 ] [ -91277.08637 -12430.43321 309819.56906 1743817.72102 3415.0725 -21356.33533 ] [ -186977.66418 2083198.42175 -680259.75248 3415.0725 8659456.1299 320298.18384 ] [ 337316.76895 -710649.88254 759064.8591 -21356.33533 320298.18384 3900129.44663 ] ] ]

State
Pi 0
A 0.002153 0.022004 0 0.004162 0.052985 0.918697 0 
MultiGaussianOPDF [ [ -3612.33722 -1580.33957 4756.84414 -759.91293 -3160.47273 -3148.8668 ] [ [ 7608672.22429 -2907402.76886 -4308851.99644 1655388.9168 2396690.73664 -4076625.50927 ] [ -2907402.76886 14596773.32286 3997051.3154 -896171.49373 -1164914.82068 4810420.03943 ] [ -4308851.99644 3997051.3154 10490909.34828 -692529.34029 -163623.33839 4684730.68069 ] [ 1655388.9168 -896171.49373 -692529.34029 6776214.62801 1150620.66301 -1251608.21319 ] [ 2396690.73664 -1164914.82068 -163623.33839 1150620.66301 17435484.33168 -971944.87924 ] [ -4076625.50927 4810420.03943 4684730.68069 -1251608.21319 -971944.87924 19880451.76649 ] ] ]

State
Pi 0
A 0.057059 0 0.010443 0.001689 0.002612 0.001684 0.926514 
MultiGaussianOPDF [ [ 143.56857 5857.75717 -4475.51301 188.29041 2133.33259 1940.31808 ] [ [ 4920478.59302 -2574367.41711 176734.42838 1507273.47331 -1298456.69031 -1033065.73698 ] [ -2574367.41711 8665413.4182 -1030135.12866 -1709691.59387 -165645.05317 3044338.5591 ] [ 176734.42838 -1030135.12866 9087533.00768 -992732.25395 130139.99726 1451215.33935 ] [ 1507273.47331 -1709691.59387 -992732.25395 4850004.31394 -823604.65182 -2942861.14147 ] [ -1298456.69031 -165645.05317 130139.99726 -823604.65182 4398681.20061 -867360.90446 ] [ -1033065.73698 3044338.5591 1451215.33935 -2942861.14147 -867360.90446 5383030.08794 ] ] ]

LEFT_BLOCK 1
Hmm v1.0

NbStates 3

State
Pi 0.158565
A 0.994773 0 0.005227 
MultiGaussianOPDF [ [ 4780.93075 -78.19235 308.47759 ] [ [ 13884.31835 -3317.39967 -9645.35157 ] [ -3317.39967 50887.54781 -10483.25331 ] [ -9645.35157 -10483.25331 50576.17088 ] ] ]

State
Pi 0.666849
A 0.000552 0.999448 0 
MultiGaussianOPDF [ [ 4171.69982 1175.02978 358.29289 ] [ [ 105449.85921 -106128.68696 18386.47902 ] [ -106128.68696 208977.69811 -56916.5239 ] [ 18386.47902 -56916.5239 79102.97385 ] ] ]

State
Pi 0.174586
A 0.021026 0 0.978974 
MultiGaussianOPDF [ [ 4749.25063 90.30895 -521.55241 ] [ [ 24070.00135 -18685.07872 -13845.8439 ] [ -18685.07872 119768.31677 51920.27335 ] [ -13845.8439 51920.27335 111387.96511 ] ] ]

SONIC_BOOM 1
Hmm v1.0

NbStates 7

State
Pi 0.075034
A 0.923152 0.062411 0.014437 0 0 0 0 
MultiGaussianOPDF [ [ 426.11561 2123.1069 19.30916 1254.08264 -2367.25173 -254.34948 ] [ [ 2228118.22691 71569.35939 20699.3028 2647399.68596 -1257930.57543 -71849.37664 ] [ 71569.35939 1397209.71402 -1228742.76288 151053.48819 -847578.75389 -1307735.73644 ] [ 20699.3028 -1228742.76288 5766047.64827 -678880.94943 216755.56057 4583678.71539 ] [ 2647399.68596 151053.48819 -678880.94943 4668505.8113 -1985968.1315 -1653532.73289 ] [ -1257930.57543 -847578.75389 216755.56057 -1985968.1315 2230761.52726 790751.08686 ] [ -71849.37664 -1307735.73644 4583678.71539 -1653532.73289 790751.08686 5679786.77546 ] ] ]

State
Pi 0.172284
A 0.03811 0.953787 0 0 0.001584 0.006519 0 
MultiGaussianOPDF [ [ 1191.03016 2751.65409 -3498.20314 2320.96097 -3626.83867 -5371.95785 ] [ [ 7281700.39263 -339920.60239 337470.54718 3624096.68998 -2070652.3436 2238133.41582 ] [ -339920.60239 3443030.16769 439166.75107 -1869576.98104 -1449925.70061 -1174294.35085 ] [ 337470.54718 439166.75107 3891601.5453 442681.30787 -950965.1164 1988785.80067 ] [ 3624096.68998 -1869576.98104 442681.30787 11792918.3936 -16125.84292 1400735.86336 ] [ -2070652.3436 -1449925.70061 -950965.1164 -16125.84292 7182124.54785 1876040.70338 ] [ 2238133.41582 -1174294.35085 1988785.80067 1400735.86336 1876040.70338 9924235.74828 ] ] ]

State
Pi 0.592857
A 0.006099 0 0.861262 0 0.05959 0.073049 0 
MultiGaussianOPDF [ [ -3682.81044 5041.34543 3309.9154 -2869.51149 -6671.78464 875.38488 ] [ [ 5579213.24356 1913445.79953 1690952.34834 4325771.33268 -2836267.8351 56577.28856 ] [ 1913445.79953 7279631.62126 527340.76624 952149.66291 -5662581.30725 -2382278.25534 ] [ 1690952.34834 527340.76624 3073567.12012 1749283.83936 -2324602.07466 544767.83337 ] [ 4325771.33268 952149.66291 1749283.83936 4366771.73314 -1977050.69654 330941.87679 ] [ -2836267.8351 -5662581.30725 -2324602.07466 -1977050.69654 7910718.52177 2422612.35159 ] [ 56577.28856 -2382278.25534 544767.83337 330941.87679 2422612.35159 2600925.51927 ] ] ]

State
Pi 0.03811
A 0 0 0 0.888574 0 0.012031 0.099395 
MultiGaussianOPDF [ [ -15709.60846 7021.42191 -1254.37259 -17634.91318 -7669.07005 -2268.09286 ] [ [ 11875919.79549 -3793116.31486 2590375.83959 5210629.12742 190070.3598 682776.00759 ] [ -3793116.31486 15166220.7177 -2385466.96674 -4284086.19688 -10506345.26041 -5536717.59536 ] [ 2590375.83959 -2385466.96674 5765884.32509 1967047.88864 -602770.12629 3084954.15916 ] [ 5210629.12742 -4284086.19688 1967047.88864 9519112.23755 5323751.69145 2798662.41698 ] [ 190070.3598 -10506345.26041 -602770.12629 5323751.69145 19073983.38117 4518162.0207 ] [ 682776.00759 -5536717.59536 3084954.15916 2798662.41698 4518162.0207 7738089.94218 ] ] ]

State
Pi 0.121715
A 0 0 0 0 0.844094 0.155906 0 
MultiGaussianOPDF [ [ -2956.83462 11071.58736 288.96233 -2453.22551 -10706.63449 -2307.02738 ] [ [ 4254466.03835 1227015.58647 -774807.18691 3262861.11848 -364806.8854 -563686.85173 ] [ 1227015.58647 11903640.42466 241678.05014 823416.0453 -7904736.44093 -2098304.03387 ] [ -774807.18691 241678.05014 5983740.96104 951455.7852 -345326.34198 3323653.789 ] [ 3262861.11848 823416.0453 951455.7852 5320895.68106 -669405.60615 592337.26242 ] [ -364806.8854 -7904736.44093 -345326.34198 -669405.60615 9279042.80031 1955853.08141 ] [ -563686.85173 -2098304.03387 3323653.789 592337.26242 1955853.08141 5272209.21341 ] ] ]

State
Pi 0
A 0 0 0.000001 0.239332 0.023681 0.736985 0 
MultiGaussianOPDF [ [ -8036.0332 8705.56852 -279.1415 -10560.91658 -9408.74518 -2820.13433 ] [ [ 14319023.35629 -5536197.96296 4560752.98722 6483390.9869 1291220.60806 4308028.34116 ] [ -5536197.96296 8693254.47147 -2727877.48635 -1599457.01491 -3510186.19694 -4451341.58127 ] [ 4560752.98722 -2727877.48635 6317783.23725 2185709.43871 -932973.97689 4512320.71785 ] [ 6483390.9869 -1599457.01491 2185709.43871 11704006.672 737573.67069 3440585.95702 ] [ 1291220.60806 -3510186.19694 -932973.97689 737573.67069 7427908.21743 2211610.3156 ] [ 4308028.34116 -4451341.58127 4512320.71785 3440585.95702 2211610.3156 9980182.64976 ] ] ]

State
Pi 0
A 0 0 0 0.009231 0 0 0.990769 
MultiGaussianOPDF [ [ -23257.96856 7585.00123 -3457.78686 -29360.81618 -7920.72459 -5534.10124 ] [ [ 37175571.94145 -1697362.55399 9172693.91077 11044618.20647 2675231.22208 556539.48386 ] [ -1697362.55399 18287404.30565 2073573.91068 -3575046.83055 -7703435.22385 -2914970.41233 ] [ 9172693.91077 2073573.91068 13256171.28163 3118448.29956 3473884.10119 1228440.21878 ] [ 11044618.20647 -3575046.83055 3118448.29956 10520114.88122 4339457.92316 1673396.54717 ] [ 2675231.22208 -7703435.22385 3473884.10119 4339457.92316 24777252.00714 -1352001.99936 ] [ 556539.48386 -2914970.41233 1228440.21878 1673396.54717 -1352001.99936 9707872.61548 ] ] ]

TWO_HANDED_ONE_HUNDRED_HAND_SLAP 1
Hmm v1.0

NbStates 7

State
Pi 0.152331
A 0.752978 0.003438 0 0.224356 0 0 0.019228 
MultiGaussianOPDF [ [ -3858.03735 3349.56543 12892.60289 -3328.76984 3904.3493 -7414.33478 ] [ [ 7087537.90904 -272453.01983 -2399285.67145 4974146.83072 907299.76518 -2621841.54323 ] [ -272453.01983 12862328.48996 3217513.00544 692473.78979 2869663.75734 -3395287.82637 ] [ -2399285.67145 3217513.00544 19844384.47466 -6737249.45423 -932846.09798 849526.29582 ] [ 4974146.83072 692473.78979 -6737249.45423 12332742.3604 4422045.32277 -8723478.12888 ] [ 907299.76518 2869663.75734 -932846.09798 4422045.32277 5906550.05537 -6621464.7061 ] [ -2621841.54323 -3395287.82637 849526.29582 -8723478.12888 -6621464.7061 17143362.97536 ] ] ]

State
Pi 0.034326
A 0.01435 0.76821 0 0.02138 0.000001 0.022474 0.173585 
MultiGaussianOPDF [ [ -7786.52891 -669.73894 -573.66664 -8627.438 792.1593 -1722.18735 ] [ [ 21566275.94236 -9868462.78498 -25746455.6805 4675880.89326 2334925.76907 -3629820.01718 ] [ -9868462.78498 13221868.66052 26967079.88025 -813124.01597 3437760.02457 -3795011.77344 ] [ -25746455.6805 26967079.88025 93981019.53894 -121766.44088 15270296.86738 -19136029.2223 ] [ 4675880.89326 -813124.01597 -121766.44088 17498444.34846 10382710.67124 -19819285.29108 ] [ 2334925.76907 3437760.02457 15270296.86738 10382710.67124 30423347.67265 -42714889.60793 ] [ -3629820.01718 -3795011.77344 -19136029.2223 -19819285.29108 -42714889.60793 78227518.44499 ] ] ]

State
Pi 0.043665
A 0 0 0.716802 0.028409 0.046487 0.208302 0 
MultiGaussianOPDF [ [ -7184.06999 1534.06401 5285.21156 -7446.13221 -8621.84552 15354.65278 ] [ [ 9654529.99234 -1183803.48748 -3849242.37615 3117444.3048 3931421.19549 -349256.0654 ] [ -1183803.48748 5609150.41407 12230641.60293 -465872.13754 -706119.47431 -916893.80314 ] [ -3849242.37615 12230641.60293 54345707.08082 -1918238.59607 -4081378.50981 -1329793.36655 ] [ 3117444.3048 -465872.13754 -1918238.59607 9619697.25193 3180254.48289 6005687.23044 ] [ 3931421.19549 -706119.47431 -4081378.50981 3180254.48289 14613743.81164 -3032310.90843 ] [ -349256.0654 -916893.80314 -1329793.36655 6005687.23044 -3032310.90843 20098570.17518 ] ] ]

State
Pi 0.144264
A 0.113477 0.022515 0.249222 0.578294 0.032337 0 0.004155 
MultiGaussianOPDF [ [ -4849.66996 1690.39528 8317.99724 -6055.53244 -2177.31234 2550.7844 ] [ [ 12383152.17942 -1195113.0857 -6807366.03105 9440594.50944 3302831.05373 -2527411.55286 ] [ -1195113.0857 7346471.7337 6915186.1099 -1978037.90146 -401895.12536 -541171.22101 ] [ -6807366.03105 6915186.1099 30168281.41229 -8345773.26478 -2469954.38607 1872625.36382 ] [ 9440594.50944 -1978037.90146 -8345773.26478 13769215.05756 4491115.53338 -2817236.37587 ] [ 3302831.05373 -401895.12536 -2469954.38607 4491115.53338 6603974.46107 -8572046.2734 ] [ -2527411.55286 -541171.22101 1872625.36382 -2817236.37587 -8572046.2734 17092019.18002 ] ] ]

State
Pi 0.502517
A 0 0.075943 0.002435 0.087913 0.814264 0.019444 0 
MultiGaussianOPDF [ [ -1931.17692 -2262.87592 -4128.7865 -4816.05666 -4082.11622 10687.12504 ] [ [ 4150984.16518 -116698.83546 2127263.40945 2097281.79687 383016.74843 -336789.30677 ] [ -116698.83546 5370001.1641 5738822.63819 784075.91939 296219.19881 61606.38866 ] [ 2127263.40945 5738822.63819 21025863.64299 1874997.70591 1868290.24301 -5571827.06813 ] [ 2097281.79687 784075.91939 1874997.70591 4890402.43892 696289.11387 2769253.23853 ] [ 383016.74843 296219.19881 1868290.24301 696289.11387 4131251.19449 -2204955.59002 ] [ -336789.30677 61606.38866 -5571827.06813 2769253.23853 -2204955.59002 27310981.1732 ] ] ]

State
Pi 0.122897
A 0 0.093755 0.005855 0 0.07872 0.82167 0 
MultiGaussianOPDF [ [ -3622.53649 -3282.26938 -15277.34687 -6135.03248 -8217.38615 17542.30501 ] [ [ 10700927.30161 -1524181.97224 -7320323.34834 -3330821.49273 707760.16594 -1092734.37843 ] [ -1524181.97224 10372779.83742 -1144446.90271 2103925.80877 704577.17689 2134218.08724 ] [ -7320323.34834 -1144446.90271 30750121.561 2182436.50327 761851.88195 -3553407.77892 ] [ -3330821.49273 2103925.80877 2182436.50327 9901705.36582 403338.72627 8050116.75927 ] [ 707760.16594 704577.17689 761851.88195 403338.72627 13366880.80241 -3447139.73784 ] [ -1092734.37843 2134218.08724 -3553407.77892 8050116.75927 -3447139.73784 25479152.36676 ] ] ]

State
Pi 0
A 0.145081 0.018037 0 0.00803 0 0 0.828851 
MultiGaussianOPDF [ [ -7502.27395 2037.55273 19497.24677 -5472.73363 7850.43502 -14684.19111 ] [ [ 19321852.55085 -5307749.54377 6860555.53833 -4143082.39906 -1218998.86436 6618789.25085 ] [ -5307749.54377 17935153.11535 142605.39799 -2002554.09631 3364121.21357 -4815667.37352 ] [ 6860555.53833 142605.39799 15041554.50121 -873310.66221 202689.78703 -1507805.25585 ] [ -4143082.39906 -2002554.09631 -873310.66221 7739729.29119 147007.75707 -3111488.82822 ] [ -1218998.86436 3364121.21357 202689.78703 147007.75707 12557731.09413 -2271463.47415 ] [ 6618789.25085 -4815667.37352 -1507805.25585 -3111488.82822 -2271463.47415 22547376.20302 ] ] ]

LEFT_HOOK 1
Hmm v1.0

NbStates 5

State
Pi 0.574526
A 0.919977 0.001894 0.078129 0 0 
MultiGaussianOPDF [ [ 4101.67854 3265.18391 -5069.93938 ] [ [ 6070345.32599 3445534.74381 -1450329.92332 ] [ 3445534.74381 7524578.14204 652243.10905 ] [ -1450329.92332 652243.10905 4778048.84095 ] ] ]

State
Pi 0.425474
A 0.030489 0.910892 0 0.000009 0.058609 
MultiGaussianOPDF [ [ 4684.12639 5197.05696 3056.01928 ] [ [ 11859479.31425 -1371549.22235 1163026.77017 ] [ -1371549.22235 6644351.04975 -604338.18551 ] [ 1163026.77017 -604338.18551 4829707.13309 ] ] ]

State
Pi 0
A 0.002731 0 0.985674 0.011594 0 
MultiGaussianOPDF [ [ 891.32122 7047.42277 -12982.25776 ] [ [ 28240832.02105 6932678.44164 8402381.8998 ] [ 6932678.44164 11145941.68502 656430.50864 ] [ 8402381.8998 656430.50864 17357194.39613 ] ] ]

State
Pi 0
A 0 0 0 1 0 
MultiGaussianOPDF [ [ -10479.9549 17111.29184 1228.36399 ] [ [ 38125914.69234 10142262.70972 -21032823.0598 ] [ 10142262.70972 72644338.125 20777901.28205 ] [ -21032823.0598 20777901.28205 66121599.08138 ] ] ]

State
Pi 0
A 0 0 0 0.176459 0.823541 
MultiGaussianOPDF [ [ 1150.633 15391.22018 7491.60231 ] [ [ 20482057.37405 -12594686.79125 5050647.15381 ] [ -12594686.79125 31495433.43655 1399856.64626 ] [ 5050647.15381 1399856.64626 14037893.47381 ] ] ]

ARM_WINDMILL 1
Hmm v1.0

NbStates 7

State
Pi 0.087295
A 0.856899 0.129722 0.00137 0.003273 0.000001 0.007741 0.000993 
MultiGaussianOPDF [ [ -15792.10129 6150.17599 -3317.97641 -10823.08799 714.68974 -5313.23733 ] [ [ 15407265.84134 -1232199.16852 3019689.65776 2875702.0469 -619080.55825 3390636.2835 ] [ -1232199.16852 13685434.37738 4749267.27094 -3272871.15106 -699319.74262 -62901.97149 ] [ 3019689.65776 4749267.27094 19182244.2663 -3886703.61969 -1266179.17483 -22104.13228 ] [ 2875702.0469 -3272871.15106 -3886703.61969 12398737.00157 1167566.92093 -86017.08714 ] [ -619080.55825 -699319.74262 -1266179.17483 1167566.92093 3927955.20004 513054.30172 ] [ 3390636.2835 -62901.97149 -22104.13228 -86017.08714 513054.30172 12719734.71288 ] ] ]

State
Pi 0
A 0.002009 0.878461 0 0.04589 0.068261 0.000952 0.004427 
MultiGaussianOPDF [ [ -12841.62492 4055.04282 -7718.30942 -20618.99039 -140.13016 -1875.33089 ] [ [ 35034850.35471 -10480352.14921 -6409099.56576 -717605.8013 357126.60118 3937153.45694 ] [ -10480352.14921 30085402.92878 -10003598.92164 12014627.83541 2649756.77067 -4683417.78394 ] [ -6409099.56576 -10003598.92164 45674211.44874 -7377995.00879 -3856256.51021 11886586.61312 ] [ -717605.8013 12014627.83541 -7377995.00879 28164812.00466 230573.76009 -1315056.78407 ] [ 357126.60118 2649756.77067 -3856256.51021 230573.76009 16535581.99184 2288296.66246 ] [ 3937153.45694 -4683417.78394 11886586.61312 -1315056.78407 2288296.66246 23186888.60697 ] ] ]

State
Pi 0.746446
A 0.043948 0.007337 0.903688 0.01268 0.015722 0.016625 0 
MultiGaussianOPDF [ [ -5156.16937 567.50646 -1123.46232 -5176.40062 -310.24152 -4270.09834 ] [ [ 10838714.528 -933619.47874 2381249.83631 -1003744.16077 -3525275.90189 1262400.72657 ] [ -933619.47874 16182235.48689 -3831132.19025 1222473.47612 6580252.11384 4048492.53126 ] [ 2381249.83631 -3831132.19025 12132748.5232 -640746.51631 -916173.90545 2446745.82649 ] [ -1003744.16077 1222473.47612 -640746.51631 14838984.95716 1681758.27292 593568.33506 ] [ -3525275.90189 6580252.11384 -916173.90545 1681758.27292 21250557.13499 3759706.1698 ] [ 1262400.72657 4048492.53126 2446745.82649 593568.33506 3759706.1698 18120837.21541 ] ] ]

State
Pi 0
A 0.00895 0.008892 0.021335 0.853384 0.002554 0.026387 0.078498 
MultiGaussianOPDF [ [ -7751.86298 -1893.7887 -5385.25573 -14030.75731 -4928.26967 -5507.89416 ] [ [ 19496500.11172 -1684724.01004 5246090.19408 -645244.96112 7157551.87715 -2441609.7776 ] [ -1684724.01004 10970542.77933 -6236902.49076 159244.78612 -4040912.90755 -4505473.88558 ] [ 5246090.19408 -6236902.49076 20065471.82364 -2784544.78683 8522940.53956 3135519.95087 ] [ -645244.96112 159244.78612 -2784544.78683 15444923.36774 -13876.98129 -3257976.62633 ] [ 7157551.87715 -4040912.90755 8522940.53956 -13876.98129 23366550.49212 1521818.84723 ] [ -2441609.7776 -4505473.88558 3135519.95087 -3257976.62633 1521818.84723 15965851.47809 ] ] ]

State
Pi 0.166259
A 0 0.003827 0.002555 0.076053 0.917565 0 0 
MultiGaussianOPDF [ [ -1447.53015 434.2652 -9219.19726 -15132.73772 -3715.80939 -1341.81443 ] [ [ 15968095.13055 -5984644.91918 227223.05999 571656.3066 1930328.68725 -1149779.46884 ] [ -5984644.91918 8309781.14034 -2496879.78694 -3153326.99206 -1782599.94422 145809.42876 ] [ 227223.05999 -2496879.78694 21424579.19433 13937861.69012 911530.8754 1457530.64367 ] [ 571656.3066 -3153326.99206 13937861.69012 20533770.0707 774415.52895 2164917.76474 ] [ 1930328.68725 -1782599.94422 911530.8754 774415.52895 10114100.13216 585869.2406 ] [ -1149779.46884 145809.42876 1457530.64367 2164917.76474 585869.2406 4234231.62854 ] ] ]

State
Pi 0
A 0.050201 0.016459 0.003975 0 0 0.92739 0.001976 
MultiGaussianOPDF [ [ -18964.43135 -1724.54509 708.40772 -6457.0532 1249.31204 -3600.701 ] [ [ 38434457.60093 9411940.53472 -202081.91973 6648706.53202 5097015.39486 2462699.1916 ] [ 9411940.53472 36993738.06334 -10334898.52876 6340092.91021 7009190.47681 3382044.19678 ] [ -202081.91973 -10334898.52876 51983763.37524 -10101387.58383 1231594.21394 -4509192.25052 ] [ 6648706.53202 6340092.91021 -10101387.58383 20268891.86747 4083847.1616 1686328.7864 ] [ 5097015.39486 7009190.47681 1231594.21394 4083847.1616 8573236.49182 887960.6404 ] [ 2462699.1916 3382044.19678 -4509192.25052 1686328.7864 887960.6404 5465496.93981 ] ] ]

State
Pi 0
A 0.102838 0.000462 0 0.000009 0 0.001296 0.895396 
MultiGaussianOPDF [ [ -22982.12002 -3325.76819 -11853.94247 -10309.43215 -4545.05646 -10408.06406 ] [ [ 23839164.6506 -3269426.81477 7501361.93525 -398841.62509 -8836935.30423 5887603.98925 ] [ -3269426.81477 14092763.31105 2517867.27603 425497.48423 3794492.62689 153970.18376 ] [ 7501361.93525 2517867.27603 11581081.5206 1930595.68814 -2491401.16327 2545223.35099 ] [ -398841.62509 425497.48423 1930595.68814 18051542.6796 9323969.40204 -7877254.52121 ] [ -8836935.30423 3794492.62689 -2491401.16327 9323969.40204 34414124.96143 -4864176.08395 ] [ 5887603.98925 153970.18376 2545223.35099 -7877254.52121 -4864176.08395 20923586.11193 ] ] ]

SUMO_HEADBUTT 1
Hmm v1.0

NbStates 7

State
Pi 0.028417
A 0.860496 0 0.13143 0 0 0.008074 0 
MultiGaussianOPDF [ [ -2012.81044 -946.72781 2352.52454 -1726.73514 245.23843 2346.98376 ] [ [ 7630713.4223 884279.06494 740077.70325 4576922.39697 -22913.89879 -510819.5905 ] [ 884279.06494 5655794.59141 1021455.51108 597048.88193 -3684590.81945 -311293.47983 ] [ 740077.70325 1021455.51108 1571852.22288 424215.82257 -570339.18824 606428.32655 ] [ 4576922.39697 597048.88193 424215.82257 5554038.98657 918099.12479 -803857.15765 ] [ -22913.89879 -3684590.81945 -570339.18824 918099.12479 7186926.471 129929.94062 ] [ -510819.5905 -311293.47983 606428.32655 -803857.15765 129929.94062 1371387.09765 ] ] ]

State
Pi 0.576831
A 0.062931 0.916747 0 0 0.002407 0.001466 0.01645 
MultiGaussianOPDF [ [ 3767.54543 2229.89438 2910.40383 4456.088 -1907.6748 1559.29181 ] [ [ 1479038.88508 -349996.68913 267882.91844 1268978.85955 279604.58224 105973.62449 ] [ -349996.68913 1194196.21825 -280650.38178 -221989.77335 -817084.43683 -281849.09842 ] [ 267882.91844 -280650.38178 1149662.04595 691610.00019 292182.28229 636622.66505 ] [ 1268978.85955 -221989.77335 691610.00019 1791852.94765 199702.46585 192161.03054 ] [ 279604.58224 -817084.43683 292182.28229 199702.46585 1334078.14352 233949.48663 ] [ 105973.62449 -281849.09842 636622.66505 192161.03054 233949.48663 814047.25019 ] ] ]

State
Pi 0
A 0.060598 0 0.816106 0.123296 0 0 0 
MultiGaussianOPDF [ [ -7583.58794 2283.02154 2146.12801 -8068.8657 -2966.06263 4112.25921 ] [ [ 31543469.29651 -3180396.31919 -5415627.7687 8051686.89852 5406419.32648 -6157906.92351 ] [ -3180396.31919 30095288.59943 -1924000.18512 2905116.22628 -4921992.60875 1547640.60617 ] [ -5415627.7687 -1924000.18512 6564598.62208 -1756959.90968 -382362.91773 218368.85997 ] [ 8051686.89852 2905116.22628 -1756959.90968 20557299.70828 3742481.9453 -11627787.67525 ] [ 5406419.32648 -4921992.60875 -382362.91773 3742481.9453 15983356.57616 -6743697.43592 ] [ -6157906.92351 1547640.60617 218368.85997 -11627787.67525 -6743697.43592 13835421.95956 ] ] ]

State
Pi 0.068834
A 0.161238 0 0 0.798097 0 0.040665 0 
MultiGaussianOPDF [ [ -3116.40666 3291.62884 -2553.96056 -557.60513 -732.58067 -746.00181 ] [ [ 4262189.54044 -5507208.02641 -1287060.72235 1212809.45168 -286257.13157 -1372542.5311 ] [ -5507208.02641 34326337.08887 4579846.59998 -197364.64715 -3585739.58313 -851756.72164 ] [ -1287060.72235 4579846.59998 7348323.68402 -8284.06973 -1450225.84482 3842656.56796 ] [ 1212809.45168 -197364.64715 -8284.06973 2984858.20043 -1495569.01709 -509879.95748 ] [ -286257.13157 -3585739.58313 -1450225.84482 -1495569.01709 13478506.5472 3980708.93638 ] [ -1372542.5311 -851756.72164 3842656.56796 -509879.95748 3980708.93638 8056964.91151 ] ] ]

State
Pi 0
A 0.01044 0 0.030738 0.000004 0.932716 0.026103 0 
MultiGaussianOPDF [ [ 5660.30177 -1237.80142 648.72754 6760.46779 3731.95281 1405.69675 ] [ [ 3964419.01061 1660516.87354 -344515.21633 604298.52548 2181668.48652 -787716.85295 ] [ 1660516.87354 14887322.05424 7500024.7918 641085.9281 -3418044.67612 -1498153.22485 ] [ -344515.21633 7500024.7918 13581801.61638 -381990.83617 -5090287.45051 1794802.58189 ] [ 604298.52548 641085.9281 -381990.83617 8052433.80055 -1959156.17228 433478.20282 ] [ 2181668.48652 -3418044.67612 -5090287.45051 -1959156.17228 18940607.68608 -4597362.31938 ] [ -787716.85295 -1498153.22485 1794802.58189 433478.20282 -4597362.31938 5957673.709 ] ] ]

State
Pi 0.206485
A 0 0.002527 0 0 0.034465 0.957771 0.005238 
MultiGaussianOPDF [ [ 3233.71605 -255.32377 -559.04244 4111.1606 -1078.20729 623.67746 ] [ [ 2037483.79501 -942854.41354 -52028.50425 1118541.10326 -343767.22469 581263.97731 ] [ -942854.41354 4207957.89692 -1733010.25563 -310064.37292 -847565.47788 -1932142.83479 ] [ -52028.50425 -1733010.25563 2368870.32301 1417.73591 423970.37954 1326524.47001 ] [ 1118541.10326 -310064.37292 1417.73591 1952912.2893 -471017.89792 395586.57446 ] [ -343767.22469 -847565.47788 423970.37954 -471017.89792 1766189.42691 631679.96508 ] [ 581263.97731 -1932142.83479 1326524.47001 395586.57446 631679.96508 2655449.21512 ] ] ]

State
Pi 0.119433
A 0 0.004068 0 0 0.084126 0 0.911806 
MultiGaussianOPDF [ [ 4089.30385 5514.82524 6323.59502 7003.92679 -4842.00446 3392.62639 ] [ [ 5989176.77296 1541126.73971 774347.50716 3336024.31328 1861579.18787 -216430.11876 ] [ 1541126.73971 8609979.4941 2916570.95817 2525994.37413 -2597469.25102 1657448.19925 ] [ 774347.50716 2916570.95817 8675243.44197 4179335.21229 -2324016.23427 3038362.06188 ] [ 3336024.31328 2525994.37413 4179335.21229 6102030.23717 273912.65111 136586.22258 ] [ 1861579.18787 -2597469.25102 -2324016.23427 273912.65111 8647487.63478 -3642681.21801 ] [ -216430.11876 1657448.19925 3038362.06188 136586.22258 -3642681.21801 8170313.64923 ] ] ]

RIGHT_JAB 1
Hmm v1.0

NbStates 5

State
Pi 0
A 0.979956 0.000003 0 0.020041 0 
MultiGaussianOPDF [ [ 8650.61421 5460.39193 -101.80093 ] [ [ 19599476.94048 -9888687.26485 4013781.37756 ] [ -9888687.26485 37370360.73342 -12488410.10599 ] [ 4013781.37756 -12488410.10599 8397102.13295 ] ] ]

State
Pi 0.092185
A 0 0.988959 0.011041 0 0 
MultiGaussianOPDF [ [ -2361.47773 298.9915 2645.90741 ] [ [ 9720946.85218 893230.19704 -2294089.37805 ] [ 893230.19704 6048698.98894 -464802.85476 ] [ -2294089.37805 -464802.85476 2144655.20872 ] ] ]

State
Pi 0.708141
A 0 0.000006 0.805364 0.027307 0.167323 
MultiGaussianOPDF [ [ 3317.49862 -1696.36684 2458.60925 ] [ [ 831213.77711 76832.46375 212022.03327 ] [ 76832.46375 1626891.46086 1076729.51581 ] [ 212022.03327 1076729.51581 1818048.87069 ] ] ]

State
Pi 0.009424
A 0.057165 0.211327 0 0.731508 0 
MultiGaussianOPDF [ [ 5436.02258 1182.62218 721.77986 ] [ [ 4096148.02858 -354165.49839 706845.75329 ] [ -354165.49839 2231954.67157 354518.97565 ] [ 706845.75329 354518.97565 1870896.66022 ] ] ]

State
Pi 0.19025
A 0.020132 0.002444 0 0.175475 0.801948 
MultiGaussianOPDF [ [ 6207.99583 -2761.5384 1723.09508 ] [ [ 1113783.30195 295298.73414 308690.9011 ] [ 295298.73414 2197429.0065 1185053.68268 ] [ 308690.9011 1185053.68268 3346761.15158 ] ] ]

RIGHT_UPPERCUT 1
Hmm v1.0

NbStates 5

State
Pi 0.771907
A 0.805085 0.000082 0.035474 0.159359 0 
