23
NYAN_CAT 0
HADOUKEN 0
LEFT_UPPERCUT 1
Hmm v1.0

NbStates 4

State
Pi 0
A 1 0 0 0 
MultiGaussianOPDF [ [ -5141.29809 2584.84742 -14663.91866 ] [ [ 11772630.18144 -814211.89768 -745205.54785 ] [ -814211.89768 1626008.79693 -1942655.72751 ] [ -745205.54785 -1942655.72751 19740985.15638 ] ] ]

State
Pi 1
A 0 0.809665 0.190335 0 
MultiGaussianOPDF [ [ 4071.13824 2685.92765 -7140.27308 ] [ [ 3984586.23671 1523550.40806 -3369900.62376 ] [ 1523550.40806 2267526.06854 -1858103.94887 ] [ -3369900.62376 -1858103.94887 4944249.84421 ] ] ]

State
Pi 0
A 0.03801 0 0.794182 0.167808 
MultiGaussianOPDF [ [ 5777.02686 6279.21641 -14890.40077 ] [ [ 6020450.56758 322267.30311 390530.93335 ] [ 322267.30311 9095271.21988 -2441554.16187 ] [ 390530.93335 -2441554.16187 14058328.48842 ] ] ]

State
Pi 0
A 0.149033 0 0 0.850967 
MultiGaussianOPDF [ [ -3639.28684 6193.61904 -23321.83966 ] [ [ 27506296.90513 -1073578.83688 168473.81887 ] [ -1073578.83688 6140956.63817 -1006300.88743 ] [ 168473.81887 -1006300.88743 12687210.55546 ] ] ]

TWO_HANDED_ONE_HUNDRED_HAND_SLAP 0
LEFT_SHORYUKEN 0
YMCA 0
LEFT_CHOP 1
Hmm v1.0

NbStates 4

State
Pi 0.973536
A 0.873703 0.126297 0 0 
MultiGaussianOPDF [ [ 1978.39952 -3013.49863 -79.22534 ] [ [ 2713271.01559 2658794.19519 725907.52322 ] [ 2658794.19519 19726168.41173 -608395.60728 ] [ 725907.52322 -608395.60728 935607.41657 ] ] ]

State
Pi 0.026464
A 0 0.719092 0.280908 0 
MultiGaussianOPDF [ [ 550.9285 -7714.6871 -2367.03104 ] [ [ 11334191.78782 10133949.11376 842521.95094 ] [ 10133949.11376 20782534.47983 1287459.64286 ] [ 842521.95094 1287459.64286 1816079.28277 ] ] ]

State
Pi 0
A 0 0 0.813905 0.186095 
MultiGaussianOPDF [ [ -8064.93223 -7739.60794 -5495.91838 ] [ [ 14966040.72219 -4271127.10368 2612511.04644 ] [ -4271127.10368 14962413.86922 6876389.54978 ] [ 2612511.04644 6876389.54978 9867168.2552 ] ] ]

State
Pi 0
A 0 0 0 1 
MultiGaussianOPDF [ [ -15771.66918 3949.94802 -5454.18345 ] [ [ 22478045.35335 2085028.87521 5232962.65929 ] [ 2085028.87521 42135097.34892 5156041.75394 ] [ 5232962.65929 5156041.75394 5293483.84513 ] ] ]

LEFT_ONE_HUNDRED_HAND_SLAP 0
SONIC_BOOM 0
LEFT_HOOK 0
DOUBLE_LARIAT 0
RIGHT_JAB 0
SUMO_HEADBUTT 0
RIGHT_ONE_HUNDRED_HAND_SLAP 0
RIGHT_UPPERCUT 0
RIGHT_BLOCK 0
RIGHT_HOOK 0
TWO_HANDED_BLOCK 0
RIGHT_SHORYUKEN 0
LEFT_BLOCK 0
RIGHT_CHOP 0
PSYCHO_CRUSHER 0
LEFT_JAB 1
Hmm v1.0

NbStates 4

State
Pi 0.290102
A 0.886686 0 0.113314 0 
MultiGaussianOPDF [ [ 7618.2728 1887.76885 1056.38131 ] [ [ 3257180.44377 -927195.7065 277323.67762 ] [ -927195.7065 4684989.22592 -792444.31794 ] [ 277323.67762 -792444.31794 3632629.36714 ] ] ]

State
Pi 0.655221
A 0.042655 0.89605 0.061296 0 
MultiGaussianOPDF [ [ 5063.36338 2174.39562 2875.39392 ] [ [ 1524714.15167 -360433.21454 753535.3196 ] [ -360433.21454 1074346.34468 -174833.86853 ] [ 753535.3196 -174833.86853 1176233.88236 ] ] ]

State
Pi 0.054677
A 0 0.003654 0.704665 0.291681 
MultiGaussianOPDF [ [ 3661.4137 69.13272 1912.41447 ] [ [ 7934984.68565 -4139087.02179 1778250.98873 ] [ -4139087.02179 4338929.43538 -227834.55135 ] [ 1778250.98873 -227834.55135 6368449.78653 ] ] ]

State
Pi 0
A 0 0 0 1 
MultiGaussianOPDF [ [ -5173.91943 -1780.60204 1256.19129 ] [ [ 23426187.41565 1486263.99471 -2841855.64474 ] [ 1486263.99471 3710462.85734 1200504.10535 ] [ -2841855.64474 1200504.10535 3290178.38092 ] ] ]

