32
LEFT_HOOK -1573.853511759463 -235.6260679599943 1 
Hmm v1.0

NbStates 5

State
Pi 0.132451
A 0.917297 0.010319 0.022235 0.033418 0.016731 
MultiGaussianOPDF [ [ 9745.87547 13054.73775 852.79541 ] [ [ 32902731.43952 2918184.26803 -13203267.13581 ] [ 2918184.26803 7951903.65408 -1314862.68166 ] [ -13203267.13581 -1314862.68166 43060390.60205 ] ] ]

State
Pi 0.502244
A 0.023082 0.925425 0.004478 0.046841 0.000174 
MultiGaussianOPDF [ [ -7414.18964 7388.8506 -4619.64385 ] [ [ 29582012.42294 -239353.95431 -2569272.28864 ] [ -239353.95431 34371348.95671 -5070782.47241 ] [ -2569272.28864 -5070782.47241 52611230.42449 ] ] ]

State
Pi 0.237161
A 0.035821 0.008318 0.942521 0.012566 0.000775 
MultiGaussianOPDF [ [ 7542.61154 -2011.22343 1812.58976 ] [ [ 21000946.00582 -7178246.17855 -542347.82817 ] [ -7178246.17855 32926204.64441 -5233433.93311 ] [ -542347.82817 -5233433.93311 16226071.11787 ] ] ]

State
Pi 0.123538
A 0.009539 0.002975 0.005059 0.877529 0.104898 
MultiGaussianOPDF [ [ 8769.21158 7897.74101 -13983.95704 ] [ [ 30132988.82479 10184862.47216 -4805202.2578 ] [ 10184862.47216 34786878.37492 -2843922.34567 ] [ -4805202.2578 -2843922.34567 7219406.07426 ] ] ]

State
Pi 0.004606
A 0.00277 0 0.072206 0.0017 0.923324 
MultiGaussianOPDF [ [ 14957.20441 -5386.80048 -11110.60403 ] [ [ 3562099.21271 1480056.86525 77249.17084 ] [ 1480056.86525 57399420.31443 -4053465.15207 ] [ 77249.17084 -4053465.15207 25211802.63015 ] ] ]

RINGMASTER_RIGHT_CIRCLE -2618.6330483343795 -356.8786089390953 1 
Hmm v1.0

NbStates 5

State
Pi 0.11052
A 0.902093 0.040735 0.00794 0 0.049232 
MultiGaussianOPDF [ [ 6226.85319 5424.06408 2598.97093 ] [ [ 67032770.25614 5523170.24607 -51627020.03166 ] [ 5523170.24607 38572495.49383 -25364094.00169 ] [ -51627020.03166 -25364094.00169 77781886.4976 ] ] ]

State
Pi 0
A 0.027642 0.966148 0 0 0.00621 
MultiGaussianOPDF [ [ 16608.6743 -10030.16931 -3934.52936 ] [ [ 5263890.49404 1407127.3915 -2227181.39799 ] [ 1407127.3915 19791857.21632 5886999.15398 ] [ -2227181.39799 5886999.15398 57354697.67333 ] ] ]

State
Pi 0.637275
A 0.018455 0 0.89896 0.050259 0.032325 
MultiGaussianOPDF [ [ -13135.79834 4892.23737 1051.27952 ] [ [ 16000735.94498 75323.99974 198349.14464 ] [ 75323.99974 26997112.73559 805515.56198 ] [ 198349.14464 805515.56198 51168069.82522 ] ] ]

State
Pi 0.073295
A 0 0 0.045538 0.928323 0.026138 
MultiGaussianOPDF [ [ -15013.98666 -11321.33062 -2064.42155 ] [ [ 8292838.46586 -42204.85028 -308162.76179 ] [ -42204.85028 10541111.77054 2367075.44119 ] [ -308162.76179 2367075.44119 50568994.1804 ] ] ]

State
Pi 0.17891
A 0.000994 0.000573 0.009303 0.053031 0.936099 
MultiGaussianOPDF [ [ -4702.12531 -8188.00506 -959.54635 ] [ [ 11765795.91502 -1529469.89373 3374365.55481 ] [ -1529469.89373 18104514.13421 6207879.69843 ] [ 3374365.55481 6207879.69843 27719434.99637 ] ] ]

TWO_HANDED_BLOCK -5720.098823817015 0.0 1 
Hmm v1.0

NbStates 7

State
Pi 0.367387
A 0.807135 0.013017 0.008507 0.028618 0.069419 0.073305 0 
MultiGaussianOPDF [ [ 7183.28305 490.5869 398.753 -8593.06618 -827.70633 315.79097 ] [ [ 30617033.36123 -6360547.52025 1838978.03967 -28941741.30607 -11919322.22607 646493.13116 ] [ -6360547.52025 13055123.7599 -253824.91181 5665544.39469 10917735.04791 2757387.81561 ] [ 1838978.03967 -253824.91181 15501379.15023 -1311068.70595 -2213450.49561 10272174.49785 ] [ -28941741.30607 5665544.39469 -1311068.70595 31989965.93979 11780986.41533 162120.70109 ] [ -11919322.22607 10917735.04791 -2213450.49561 11780986.41533 17797783.2205 -462651.77368 ] [ 646493.13116 2757387.81561 10272174.49785 162120.70109 -462651.77368 13865690.8383 ] ] ]

State
Pi 0.099215
A 0.113181 0.884702 0.002118 0 0 0 0 
MultiGaussianOPDF [ [ 14621.22056 6556.21071 -4606.35612 -15735.35837 5171.09334 -7568.35689 ] [ [ 10197004.58166 -6255464.20118 360582.74497 -8877642.60092 -11850461.33407 -7477734.39602 ] [ -6255464.20118 32054014.78291 3632258.03792 6356788.57617 30349397.92373 1257199.07259 ] [ 360582.74497 3632258.03792 30769729.15168 1341365.76799 -665235.29246 15835235.22092 ] [ -8877642.60092 6356788.57617 1341365.76799 8862028.72036 11144544.85562 7656815.36234 ] [ -11850461.33407 30349397.92373 -665235.29246 11144544.85562 45122260.18834 2055487.58088 ] [ -7477734.39602 1257199.07259 15835235.22092 7656815.36234 2055487.58088 25910295.21986 ] ] ]

State
Pi 0.210232
A 0.094389 0.020115 0.88535 0.000108 0 0 0.000038 
MultiGaussianOPDF [ [ -884.05315 4250.65361 -1381.49328 -1285.05838 3275.97776 -2556.80612 ] [ [ 70186036.13016 7264646.51978 -31379396.7886 -58505463.02418 16355806.54451 -20946374.48957 ] [ 7264646.51978 40003750.30592 -5198044.27591 -8055175.01519 30444770.40759 -2316036.33269 ] [ -31379396.7886 -5198044.27591 50221990.51267 38699700.11216 -12848546.07661 31839223.28438 ] [ -58505463.02418 -8055175.01519 38699700.11216 89135396.79678 -14062574.39374 36874280.72811 ] [ 16355806.54451 30444770.40759 -12848546.07661 -14062574.39374 44542067.42401 -6001739.85504 ] [ -20946374.48957 -2316036.33269 31839223.28438 36874280.72811 -6001739.85504 42941188.87158 ] ] ]

State
Pi 0.125031
A 0.017055 0 0.001807 0.948514 0 0.032624 0 
MultiGaussianOPDF [ [ 2823.3355 1323.31485 -266.92463 -3923.13003 1133.67847 16.16782 ] [ [ 1069536.79146 -201821.90091 -63950.96662 -632519.86136 3336.3579 -96796.77389 ] [ -201821.90091 1601451.14094 -139139.72427 7817.00079 1059632.78177 128351.06752 ] [ -63950.96662 -139139.72427 934891.67901 331892.35013 21835.85878 392324.17624 ] [ -632519.86136 7817.00079 331892.35013 929734.01756 255211.91788 127063.44483 ] [ 3336.3579 1059632.78177 21835.85878 255211.91788 1746329.34086 30769.96243 ] [ -96796.77389 128351.06752 392324.17624 127063.44483 30769.96243 741288.62857 ] ] ]

State
Pi 0
A 0.009103 0 0 0 0.862659 0.128238 0 
MultiGaussianOPDF [ [ 8158.45777 -6490.70903 6231.50349 -7848.72588 -6303.02088 6347.77923 ] [ [ 58849451.2497 -2700799.04068 -17607628.32798 -55261736.31171 -19639687.72242 -2619677.28883 ] [ -2700799.04068 12959302.02399 -9848278.89777 2455380.74097 12585292.97711 -8542109.99534 ] [ -17607628.32798 -9848278.89777 24677187.0912 17304338.73464 -3033928.49765 12418232.84211 ] [ -55261736.31171 2455380.74097 17304338.73464 64195942.74644 20412159.47012 4087106.94277 ] [ -19639687.72242 12585292.97711 -3033928.49765 20412159.47012 28646433.35319 -13023800.67511 ] [ -2619677.28883 -8542109.99534 12418232.84211 4087106.94277 -13023800.67511 20304854.62397 ] ] ]

State
Pi 0.149148
A 0 0 0.006903 0.000994 0 0.904241 0.087861 
MultiGaussianOPDF [ [ -2535.46728 347.40533 1887.18908 1809.10595 494.03031 2047.53841 ] [ [ 4792956.66693 -1428904.3202 1364700.66211 -3702027.42916 -1998761.05037 101631.83049 ] [ -1428904.3202 4174186.29105 -982740.90512 1819287.99154 2658641.3191 -1094235.31305 ] [ 1364700.66211 -982740.90512 4341777.80594 -1383678.6823 -1738409.64174 1551734.77297 ] [ -3702027.42916 1819287.99154 -1383678.6823 4977908.92902 2822498.01052 -1162376.83342 ] [ -1998761.05037 2658641.3191 -1738409.64174 2822498.01052 4320025.0109 -1416627.20569 ] [ 101631.83049 -1094235.31305 1551734.77297 -1162376.83342 -1416627.20569 2698072.65284 ] ] ]

State
Pi 0.048988
A 0 0 0 0 0 0.016767 0.983233 
MultiGaussianOPDF [ [ -4143.3991 918.89385 848.85616 3325.68136 1272.08963 927.56801 ] [ [ 283636.46024 175284.27156 35806.58399 -149669.43437 59285.85365 23947.91337 ] [ 175284.27156 696883.8872 -45658.67407 -66275.31181 256300.00648 24503.50622 ] [ 35806.58399 -45658.67407 1901308.21633 -119803.15371 -255699.27722 1124830.54157 ] [ -149669.43437 -66275.31181 -119803.15371 215671.4417 -56262.94797 -111067.35109 ] [ 59285.85365 256300.00648 -255699.27722 -56262.94797 593837.43218 -134843.49773 ] [ 23947.91337 24503.50622 1124830.54157 -111067.35109 -134843.49773 1365806.76958 ] ] ]

SONIC_BOOM -5221.4847417745095 -673.5392963848487 1 
Hmm v1.0

NbStates 7

State
Pi 0.38157
A 0.926844 0.003005 0 0.000332 0.06044 0.008287 0.001092 
MultiGaussianOPDF [ [ 4381.03508 2821.96556 3543.50719 -5913.43979 2917.40755 1541.5965 ] [ [ 29310732.72512 -5131182.28975 -3220422.39491 -22931376.32724 -5898091.41672 -8379283.60362 ] [ -5131182.28975 19166171.57835 -4045700.31794 3011263.26943 13981767.04997 -5241838.19785 ] [ -3220422.39491 -4045700.31794 12764416.15429 1549949.71975 -2474865.19976 11610247.97136 ] [ -22931376.32724 3011263.26943 1549949.71975 23227265.03212 5383212.09119 7700521.47703 ] [ -5898091.41672 13981767.04997 -2474865.19976 5383212.09119 17700088.60089 -3425066.1918 ] [ -8379283.60362 -5241838.19785 11610247.97136 7700521.47703 -3425066.1918 21539874.93714 ] ] ]

State
Pi 0.061376
A 0 0.998157 0 0 0.001843 0 0 
MultiGaussianOPDF [ [ -13303.24697 7807.6319 445.51343 13934.72772 2928.24821 -3208.32229 ] [ [ 24284413.13654 13194443.22522 -7954862.27124 -15368712.61051 31507252.59455 8815463.72386 ] [ 13194443.22522 49092576.69602 5273140.35061 -6652735.31203 56359151.20486 6071753.18328 ] [ -7954862.27124 5273140.35061 48590542.6231 9627699.63862 -11556929.76229 -4256372.67836 ] [ -15368712.61051 -6652735.31203 9627699.63862 12952941.68469 -19141078.07115 -6905404.78615 ] [ 31507252.59455 56359151.20486 -11556929.76229 -19141078.07115 105447423.92568 15577679.76253 ] [ 8815463.72386 6071753.18328 -4256372.67836 -6905404.78615 15577679.76253 32577918.05871 ] ] ]

State
Pi 0.112191
A 0 0 0.919379 0 0.00259 0.044719 0.033312 
MultiGaussianOPDF [ [ 13001.20962 -4108.32563 -10152.56637 -14999.33213 1254.34555 -10407.43416 ] [ [ 10548029.25253 -6218642.29494 -1688071.21986 -7739796.48347 -7879636.01154 -3201892.06404 ] [ -6218642.29494 45311495.01305 1111672.08141 4386132.77099 37902310.06579 2933451.66364 ] [ -1688071.21986 1111672.08141 17927811.80005 173704.79367 -6069313.59002 12686904.94792 ] [ -7739796.48347 4386132.77099 173704.79367 8835775.89507 7829312.05909 1635081.04532 ] [ -7879636.01154 37902310.06579 -6069313.59002 7829312.05909 78947981.38375 -3455564.66303 ] [ -3201892.06404 2933451.66364 12686904.94792 1635081.04532 -3455564.66303 27607228.67694 ] ] ]

State
Pi 0.014765
A 0 0 0 0.854522 0.003261 0.142216 0 
MultiGaussianOPDF [ [ 14780.27344 14641.9394 797.18544 -15444.81103 13297.94742 -7876.84584 ] [ [ 5689387.38151 461607.3693 162142.85893 -3005793.05855 948028.08546 -2158986.04221 ] [ 461607.3693 2976046.54252 4630765.70237 -651669.5986 1687793.68081 -744544.84022 ] [ 162142.85893 4630765.70237 71771861.55001 2628409.76283 4998058.97877 7257346.68569 ] [ -3005793.05855 -651669.5986 2628409.76283 3933823.16369 79973.74143 -1200386.88406 ] [ 948028.08546 1687793.68081 4998058.97877 79973.74143 5866632.87467 919094.94255 ] [ -2158986.04221 -744544.84022 7257346.68569 -1200386.88406 919094.94255 53016047.86338 ] ] ]

State
Pi 0.421642
A 0.006508 0 0.017659 0.104638 0.861606 0.00959 0 
MultiGaussianOPDF [ [ 5600.10182 11700.21311 795.19178 -7611.82335 13200.70286 -2766.24875 ] [ [ 26020845.66666 -4068019.68313 -4197878.92545 -5215527.07981 -1607145.82135 1811814.35324 ] [ -4068019.68313 14389056.75162 4538559.85273 984782.78341 4321154.13106 2341663.34727 ] [ -4197878.92545 4538559.85273 65716889.2784 -1920809.46344 3681123.1623 34579589.42366 ] [ -5215527.07981 984782.78341 -1920809.46344 21654156.71766 1823476.66081 4547630.79436 ] [ -1607145.82135 4321154.13106 3681123.1623 1823476.66081 4829782.66224 3866505.61476 ] [ 1811814.35324 2341663.34727 34579589.42366 4547630.79436 3866505.61476 49565821.13008 ] ] ]

State
Pi 0.005491
A 0 0 0.004921 0.001071 0.001105 0.937358 0.055546 
MultiGaussianOPDF [ [ 16566.08425 4156.97668 3918.45861 -16737.01922 2058.11343 -5566.2867 ] [ [ 1560659.26872 -329855.38993 2290349.57023 -1010923.21534 -402744.33062 662599.65516 ] [ -329855.38993 47996538.72 -4042281.13916 1619080.30948 15155929.81523 -18794213.10713 ] [ 2290349.57023 -4042281.13916 28283271.76656 -1336923.3103 1978149.19847 4114472.25813 ] [ -1010923.21534 1619080.30948 -1336923.3103 2077988.63256 530687.02088 -2958181.57013 ] [ -402744.33062 15155929.81523 1978149.19847 530687.02088 44756295.09258 -10921460.7495 ] [ 662599.65516 -18794213.10713 4114472.25813 -2958181.57013 -10921460.7495 56117108.40836 ] ] ]

State
Pi 0.002967
A 0.058609 0 0 0 0 0.006469 0.934922 
MultiGaussianOPDF [ [ 13675.90807 -12661.10838 5741.7004 -13812.98786 -10718.83779 4173.97583 ] [ [ 18118915.50751 -2394985.11091 -1729637.629 -9455390.85347 -9693883.13446 -6132431.70176 ] [ -2394985.11091 10749355.25423 -2539561.45346 -1078737.6906 6908376.91227 -730889.19111 ] [ -1729637.629 -2539561.45346 22777622.72844 -4102111.84403 3288368.55748 8820519.23222 ] [ -9455390.85347 -1078737.6906 -4102111.84403 23192956.50801 2032151.56271 -1569724.48345 ] [ -9693883.13446 6908376.91227 3288368.55748 2032151.56271 30192104.05962 6475585.84329 ] [ -6132431.70176 -730889.19111 8820519.23222 -1569724.48345 6475585.84329 25197377.18738 ] ] ]

TWO_HANDED_ONE_HUNDRED_HAND_SLAP -11855.786094954057 -1552.3112299558247 1 
Hmm v1.0

NbStates 7

State
Pi 0.031928
A 0.861834 0.122515 0 0 0.013668 0.001982 0 
MultiGaussianOPDF [ [ 744.53469 -1735.80276 12594.75943 -12383.41231 -10369.74566 -13209.16069 ] [ [ 74986949.08185 -18370015.93681 1353622.05388 10430849.78193 -19888347.95438 -8369975.5751 ] [ -18370015.93681 32936878.36282 -1205142.91429 1097674.20537 9289374.56394 5094269.91088 ] [ 1353622.05388 -1205142.91429 1980364.66804 -329872.79811 -2416028.10856 -1439814.2861 ] [ 10430849.78193 1097674.20537 -329872.79811 23741153.7806 4390012.26501 -1012988.09421 ] [ -19888347.95438 9289374.56394 -2416028.10856 4390012.26501 28869791.95198 15269881.437 ] [ -8369975.5751 5094269.91088 -1439814.2861 -1012988.09421 15269881.437 32898407.2251 ] ] ]

State
Pi 0.457297
A 0.079595 0.78793 0.064385 0.043197 0.006686 0.015056 0.00315 
MultiGaussianOPDF [ [ 8729.28634 -2995.07591 1977.85695 -10670.25363 -1517.01457 927.84454 ] [ [ 32025084.2882 19481.51094 -9967566.4394 -4922877.58942 -1879479.8849 1582669.12324 ] [ 19481.51094 50311309.7358 2877493.23255 5387320.16532 2851906.85429 -3117766.265 ] [ -9967566.4394 2877493.23255 72746014.31772 1856550.33129 2430825.95045 10033524.14889 ] [ -4922877.58942 5387320.16532 1856550.33129 25751407.87183 2792026.87612 6285348.62737 ] [ -1879479.8849 2851906.85429 2430825.95045 2792026.87612 50323923.80989 12194927.53171 ] [ 1582669.12324 -3117766.265 10033524.14889 6285348.62737 12194927.53171 73126141.32011 ] ] ]

State
Pi 0.205548
A 0 0.137371 0.854493 0.006173 0 0.000658 0.001304 
MultiGaussianOPDF [ [ 12108.76054 -7441.31607 -12026.73422 -6017.93064 4334.01517 12699.48501 ] [ [ 22795484.82582 2191311.37766 -3806885.48345 15195775.75867 1416706.40722 -701386.48783 ] [ 2191311.37766 26637359.47865 3767307.44194 12723633.96024 -3496904.59939 -1554283.09846 ] [ -3806885.48345 3767307.44194 40808697.99939 -2593009.66129 -3261012.38833 -1462798.99323 ] [ 15195775.75867 12723633.96024 -2593009.66129 72934092.52078 6947993.33537 -1239930.72654 ] [ 1416706.40722 -3496904.59939 -3261012.38833 6947993.33537 25926207.50763 1592787.61865 ] [ -701386.48783 -1554283.09846 -1462798.99323 -1239930.72654 1592787.61865 1801815.08403 ] ] ]

State
Pi 0.040857
A 0.003678 0.121557 0.014857 0.802857 0.042159 0.012068 0.002825 
MultiGaussianOPDF [ [ 9953.48837 -1885.54469 526.11981 7341.88357 -4424.68857 4390.18203 ] [ [ 27100177.4582 14260631.78932 -3420563.79443 2807848.8368 -14378568.52535 -11760659.5006 ] [ 14260631.78932 67456231.6046 4884200.81437 3643652.81572 -12942943.31422 -13325071.47849 ] [ -3420563.79443 4884200.81437 71865524.17849 -3826148.3365 -15149191.85345 -21471149.60875 ] [ 2807848.8368 3643652.81572 -3826148.3365 27854834.8818 5512757.3016 3504576.44028 ] [ -14378568.52535 -12942943.31422 -15149191.85345 5512757.3016 59289964.62679 22828877.46456 ] [ -11760659.5006 -13325071.47849 -21471149.60875 3504576.44028 22828877.46456 68175837.46271 ] ] ]

State
Pi 0.179055
A 0.006903 0.025159 0.000125 0.056306 0.888323 0.020632 0.002551 
MultiGaussianOPDF [ [ -6776.49812 -3863.15553 989.58285 7286.65477 -2510.72509 2287.78954 ] [ [ 24374919.81462 4036608.92226 -19450464.8959 -5245539.59926 -7966590.06152 15702128.29156 ] [ 4036608.92226 40297387.84305 -12341118.68759 1803614.26566 5881199.80838 16516988.56226 ] [ -19450464.8959 -12341118.68759 128544554.4505 -1654713.41065 34281958.21832 -45318573.6585 ] [ -5245539.59926 1803614.26566 -1654713.41065 25714410.16577 1699744.21103 820220.24604 ] [ -7966590.06152 5881199.80838 34281958.21832 1699744.21103 44730072.38908 -33517377.99481 ] [ 15702128.29156 16516988.56226 -45318573.6585 820220.24604 -33517377.99481 116200557.28801 ] ] ]

State
Pi 0.01199
A 0.001934 0.047189 0.001124 0.016194 0.033892 0.822576 0.07709 
MultiGaussianOPDF [ [ -8000.00457 -9883.81521 5290.74096 -12601.44259 -1200.23897 7258.8553 ] [ [ 15368218.79114 5404132.66277 -6532208.08237 3458239.18544 -1199673.89632 2377085.85711 ] [ 5404132.66277 36032904.63953 -19538287.05663 4569410.57354 -12395768.30112 -4027239.53305 ] [ -6532208.08237 -19538287.05663 62178867.33125 -1007257.13795 -876341.7658 3267210.77164 ] [ 3458239.18544 4569410.57354 -1007257.13795 9548947.67442 -6265485.65977 1911007.73571 ] [ -1199673.89632 -12395768.30112 -876341.7658 -6265485.65977 42348450.98381 16527179.10011 ] [ 2377085.85711 -4027239.53305 3267210.77164 1911007.73571 16527179.10011 48715765.83361 ] ] ]

State
Pi 0.073325
A 0 0.027218 0.001845 0.000384 0.005418 0.095478 0.869657 
MultiGaussianOPDF [ [ -7825.99225 3934.08686 -9474.11643 -8777.36272 -5442.1757 -2848.78138 ] [ [ 13640109.52703 -648372.4686 1372201.97657 3613975.55503 -495157.56714 2242383.62404 ] [ -648372.4686 21221488.7623 -1712626.18078 1841682.27746 -2144909.80019 -14066427.24244 ] [ 1372201.97657 -1712626.18078 28779176.4248 -3104809.2738 20872913.06025 -3598217.93925 ] [ 3613975.55503 1841682.27746 -3104809.2738 21183894.84975 -4025.51883 2392008.35035 ] [ -495157.56714 -2144909.80019 20872913.06025 -4025.51883 61768146.21098 38652977.50939 ] [ 2242383.62404 -14066427.24244 -3598217.93925 2392008.35035 38652977.50939 89756844.37611 ] ] ]

RINGMASTER_LEFT_JAB -3812.595261258699 -211.8624423531807 1 
Hmm v1.0

NbStates 5

State
Pi 0.093373
A 0.864178 0.037125 0.008584 0.027481 0.062631 
MultiGaussianOPDF [ [ -8162.72121 4125.97017 -4289.04133 ] [ [ 20302672.95612 557032.52977 -4949818.18575 ] [ 557032.52977 20037290.88956 -4167645.66336 ] [ -4949818.18575 -4167645.66336 15414862.19369 ] ] ]

State
Pi 0.19729
A 0.009142 0.872495 0.015247 0.001704 0.101412 
MultiGaussianOPDF [ [ 1214.201 322.65927 3048.17379 ] [ [ 6608185.5093 -345149.41372 -551609.32111 ] [ -345149.41372 10314255.32044 -1478110.66671 ] [ -551609.32111 -1478110.66671 8654811.22912 ] ] ]

State
Pi 0.623243
A 0.045124 0.043468 0.875104 0.036305 0 
MultiGaussianOPDF [ [ -8728.62875 4693.23061 3078.91334 ] [ [ 12109184.17908 -4303845.68383 -3458888.65236 ] [ -4303845.68383 10218592.99467 1702914.13028 ] [ -3458888.65236 1702914.13028 9857984.45925 ] ] ]

State
Pi 0.068156
A 0.00698 0.006167 0.003285 0.813629 0.169938 
MultiGaussianOPDF [ [ -6920.59862 -7183.53682 3048.12726 ] [ [ 36721954.26391 -6750392.95084 -7064442.61715 ] [ -6750392.95084 27153612.87814 4688781.855 ] [ -7064442.61715 4688781.855 28438893.90558 ] ] ]

State
Pi 0.017938
A 0.000377 0.059048 0.001651 0.023314 0.91561 
MultiGaussianOPDF [ [ 11414.71954 -1319.33904 2909.29563 ] [ [ 10548507.86023 818964.29442 3527549.30703 ] [ 818964.29442 47759376.18891 -636519.1267 ] [ 3527549.30703 -636519.1267 32773598.47659 ] ] ]

LEFT_SHORYUKEN -5176.446191608636 -541.0549676101368 1 
Hmm v1.0

NbStates 5

State
Pi 0.543305
A 0.875488 0.009458 0.092571 0.015146 0.007337 
MultiGaussianOPDF [ [ -2436.66759 9202.93587 -9227.97051 ] [ [ 62753600.07701 -2173475.74191 -28468944.7326 ] [ -2173475.74191 21233611.84015 1822650.03767 ] [ -28468944.7326 1822650.03767 42510183.86271 ] ] ]

State
Pi 0.232167
A 0.017303 0.955014 0 0.017982 0.009701 
MultiGaussianOPDF [ [ -1054.62288 3753.11144 4844.64273 ] [ [ 19861361.04242 10442525.8495 -11489122.52675 ] [ 10442525.8495 43578992.57084 -9078604.15702 ] [ -11489122.52675 -9078604.15702 34974172.39572 ] ] ]

State
Pi 0.041647
A 0.002497 0 0.915226 0.005292 0.076984 
MultiGaussianOPDF [ [ 16426.33338 11510.18609 -14551.03467 ] [ [ 10115238.00022 1809892.65737 -1015080.11788 ] [ 1809892.65737 14184662.52517 -2132985.8037 ] [ -1015080.11788 -2132985.8037 2716309.33437 ] ] ]

State
Pi 0.140259
A 0.012518 0.004086 0.01587 0.957563 0.009964 
MultiGaussianOPDF [ [ 6911.20963 -6325.97613 -6542.12921 ] [ [ 54853863.88725 -7687212.2293 -6978196.75296 ] [ -7687212.2293 30652002.91466 3202536.04991 ] [ -6978196.75296 3202536.04991 30681306.77465 ] ] ]

State
Pi 0.042622
A 0.004555 0.050271 0.008098 0.037601 0.899475 
MultiGaussianOPDF [ [ 13147.84641 8548.38441 571.42475 ] [ [ 18429853.86278 6316620.38037 -4162883.21024 ] [ 6316620.38037 33680377.19133 -18483742.63029 ] [ -4162883.21024 -18483742.63029 46657864.17146 ] ] ]

RINGMASTER_RIGHT_JAB -2973.957689083113 -238.67638780022637 1 
Hmm v1.0

NbStates 5

State
Pi 0
A 0.891925 0.083296 0.020616 0.000066 0.004097 
MultiGaussianOPDF [ [ -12531.92248 -2409.06602 584.62101 ] [ [ 7060396.97186 -462003.80923 -4082572.39265 ] [ -462003.80923 50039613.58458 4388796.12483 ] [ -4082572.39265 4388796.12483 32948888.88413 ] ] ]

State
Pi 0.156409
A 0.095333 0.885601 0.001166 0.007415 0.010486 
MultiGaussianOPDF [ [ -3275.38143 -1061.54166 2382.90475 ] [ [ 5092779.4091 -237069.15613 1508149.94806 ] [ -237069.15613 16269309.55289 -2681772.90449 ] [ 1508149.94806 -2681772.90449 13041873.71615 ] ] ]

State
Pi 0.045759
A 0.199399 0.000221 0.797554 0.000193 0.002633 
MultiGaussianOPDF [ [ 5993.6717 -4757.70584 -1059.13967 ] [ [ 39480199.30766 11085544.27743 8638661.94832 ] [ 11085544.27743 23979289.67583 4792532.04632 ] [ 8638661.94832 4792532.04632 28758861.47332 ] ] ]

State
Pi 0.138663
A 0 0.005657 0.127826 0.847942 0.018576 
MultiGaussianOPDF [ [ 8693.21224 7764.4754 49.71184 ] [ [ 15224370.70951 -3703873.8487 6829240.64991 ] [ -3703873.8487 10828067.03065 1925068.45692 ] [ 6829240.64991 1925068.45692 26308322.98224 ] ] ]

State
Pi 0.659169
A 0 0.03551 0.03265 0.050915 0.880925 
MultiGaussianOPDF [ [ 5748.95979 3684.11501 3686.04403 ] [ [ 8185685.86235 1004368.58364 624041.58951 ] [ 1004368.58364 4868426.19658 1121897.00816 ] [ 624041.58951 1121897.00816 8294532.75502 ] ] ]

SUCK_IT -7216.674923370553 -480.24576244233987 1 
Hmm v1.0

NbStates 7

State
Pi 0
A 0.995893 0.004107 0 0 0 0 0 
MultiGaussianOPDF [ [ -13027.03679 2859.68407 4372.22054 12152.74372 3707.79493 -139.73685 ] [ [ 1871672.54725 -1112812.97737 -915003.65081 -1046633.23292 -2114056.89691 290222.43202 ] [ -1112812.97737 124091049.34197 24594627.63834 -3169853.33527 116229504.11482 -7949541.0402 ] [ -915003.65081 24594627.63834 26564162.71088 -669153.10588 22598936.64883 9501353.86783 ] [ -1046633.23292 -3169853.33527 -669153.10588 1988601.38018 -3104615.00702 -291404.07434 ] [ -2114056.89691 116229504.11482 22598936.64883 -3104615.00702 130458830.17748 -11968559.35174 ] [ 290222.43202 -7949541.0402 9501353.86783 -291404.07434 -11968559.35174 21663317.07929 ] ] ]

State
Pi 0.33562
A 0.015219 0.892369 0.020446 0.042296 0.017087 0.012583 0 
MultiGaussianOPDF [ [ 3947.10391 -6732.78267 -521.41123 -4300.40199 -6973.70731 952.73516 ] [ [ 34543060.71747 2496765.8928 -5980517.58017 -35128043.18411 1209474.84893 603876.18114 ] [ 2496765.8928 14563170.04804 -839029.11413 -5906893.28717 13172162.13757 -1527919.33087 ] [ -5980517.58017 -839029.11413 8381760.62601 6092631.27826 -407079.49545 3133941.28417 ] [ -35128043.18411 -5906893.28717 6092631.27826 43539458.03946 -4961416.29031 428399.16664 ] [ 1209474.84893 13172162.13757 -407079.49545 -4961416.29031 15899296.23969 -1604434.4924 ] [ 603876.18114 -1527919.33087 3133941.28417 428399.16664 -1604434.4924 4190964.01448 ] ] ]

State
Pi 0.077564
A 0 0.004901 0.843773 0.030883 0.035538 0.084905 0 
MultiGaussianOPDF [ [ 13825.8522 -5130.51596 3925.66535 -15635.00609 -5749.05182 5897.07761 ] [ [ 11172651.04766 -7277816.86067 5231665.09019 -3963906.8051 -10807124.22654 6862725.51692 ] [ -7277816.86067 68927728.59771 -4001784.63619 3832093.13265 29049014.07479 -11582106.9654 ] [ 5231665.09019 -4001784.63619 45709478.52603 -856098.59374 -11893674.44618 18374717.02288 ] [ -3963906.8051 3832093.13265 -856098.59374 4672225.89512 9930913.88563 -1436333.12633 ] [ -10807124.22654 29049014.07479 -11893674.44618 9930913.88563 73952495.46482 -18960974.6049 ] [ 6862725.51692 -11582106.9654 18374717.02288 -1436333.12633 -18960974.6049 37497675.26418 ] ] ]

State
Pi 0.435918
A 0 0.002583 0.06099 0.859504 0.070794 0.006128 0 
MultiGaussianOPDF [ [ 7882.26202 -12666.96578 621.26497 -10816.0788 -14153.38029 -1085.93253 ] [ [ 28120572.14192 -1461903.12364 -5683895.73347 -16538634.36038 2968349.40753 -4834726.94708 ] [ -1461903.12364 17733571.39593 -1748134.54991 3207924.52253 8460624.30115 -645488.26805 ] [ -5683895.73347 -1748134.54991 23340657.00041 3247738.84656 -3727739.06132 16872992.01993 ] [ -16538634.36038 3207924.52253 3247738.84656 28735732.32651 -1954710.6589 4210253.14365 ] [ 2968349.40753 8460624.30115 -3727739.06132 -1954710.6589 15066932.84814 -2028014.74895 ] [ -4834726.94708 -645488.26805 16872992.01993 4210253.14365 -2028014.74895 31349351.41765 ] ] ]

State
Pi 0.026315
A 0 0.014433 0.015342 0.013785 0.8344 0.007587 0.114452 
MultiGaussianOPDF [ [ 14353.35743 43.809 -7147.57448 -15177.04869 382.55622 -7327.80129 ] [ [ 3509355.62298 -7580735.36184 -449659.36122 -2514070.51109 -6440473.18008 -1384723.65926 ] [ -7580735.36184 64800689.88952 -3838362.46791 5939238.85234 43687868.77696 1974383.5292 ] [ -449659.36122 -3838362.46791 25673412.01086 226533.46696 -4210700.6906 3137481.70134 ] [ -2514070.51109 5939238.85234 226533.46696 3230063.25717 7807293.33158 2105915.77975 ] [ -6440473.18008 43687868.77696 -4210700.6906 7807293.33158 72435383.44912 -4690341.24757 ] [ -1384723.65926 1974383.5292 3137481.70134 2105915.77975 -4690341.24757 21778432.3322 ] ] ]

State
Pi 0.110633
A 0 0.018098 0.039462 0 0.012975 0.829355 0.10011 
MultiGaussianOPDF [ [ 8087.65244 8224.89886 190.24168 -9845.78337 7578.38903 1051.02336 ] [ [ 15545742.3672 8254593.32111 1948041.20934 -6607644.09822 3798701.35302 4879939.28919 ] [ 8254593.32111 31641199.85919 -5860736.84279 -5053381.58885 13275255.8041 -4437494.81286 ] [ 1948041.20934 -5860736.84279 47428574.65604 -296346.45083 -10259163.0686 24835203.80648 ] [ -6607644.09822 -5053381.58885 -296346.45083 15340092.84435 -10072174.2636 249368.91259 ] [ 3798701.35302 13275255.8041 -10259163.0686 -10072174.2636 40234109.91803 -2906360.19941 ] [ 4879939.28919 -4437494.81286 24835203.80648 249368.91259 -2906360.19941 35830362.28017 ] ] ]

State
Pi 0.01395
A 0 0 0 0.000883 0.06897 0.11468 0.815467 
MultiGaussianOPDF [ [ 12531.08986 13104.68119 -4706.15581 -13385.41486 13313.0185 -2399.29377 ] [ [ 1318255.18231 -732717.65554 -1021264.38341 -673768.11569 -456691.44963 -1451596.05787 ] [ -732717.65554 3481341.02742 -2210510.13787 268498.11371 1412201.36944 -524068.39284 ] [ -1021264.38341 -2210510.13787 56804310.01042 1894682.43521 -2066134.32389 35055362.36044 ] [ -673768.11569 268498.11371 1894682.43521 1381979.28917 358142.07869 3319495.39332 ] [ -456691.44963 1412201.36944 -2066134.32389 358142.07869 2488541.17864 -1530767.10304 ] [ -1451596.05787 -524068.39284 35055362.36044 3319495.39332 -1530767.10304 64422682.84981 ] ] ]

RINGMASTER_RIGHT_HALF_RING -3338.847961553058 -453.4826831039427 1 
Hmm v1.0

NbStates 5

State
Pi 0.337341
A 0.926843 0.048788 0.024369 0 0 
MultiGaussianOPDF [ [ -11372.27873 3264.41659 -11943.95642 ] [ [ 22324451.63046 7597184.91963 -134813.9608 ] [ 7597184.91963 21246863.10297 -2724723.20892 ] [ -134813.9608 -2724723.20892 1920313.60031 ] ] ]

State
Pi 0
A 0.005505 0.92773 0.026957 0.039808 0 
MultiGaussianOPDF [ [ -14566.41083 1073.77688 -429.33684 ] [ [ 10026632.46813 5736124.30591 772943.85157 ] [ 5736124.30591 27848678.16829 -14865259.52202 ] [ 772943.85157 -14865259.52202 43711417.36619 ] ] ]

State
Pi 0.484536
A 0.029683 0.017473 0.9275 0.025345 0 
MultiGaussianOPDF [ [ -6423.33957 -513.77165 -2912.47043 ] [ [ 7086299.54587 1385102.33395 2378543.67199 ] [ 1385102.33395 7448270.0224 -3562488.74486 ] [ 2378543.67199 -3562488.74486 10473370.92542 ] ] ]

State
Pi 0.080122
A 0 0.009377 0.000745 0.989053 0.000826 
MultiGaussianOPDF [ [ -941.91447 -2481.26597 5084.45818 ] [ [ 14250518.79253 480439.9831 -6177021.68369 ] [ 480439.9831 6201294.51113 -4003918.80891 ] [ -6177021.68369 -4003918.80891 16891581.26334 ] ] ]

State
Pi 0.098001
A 0 0 0 0 1 
MultiGaussianOPDF [ [ 12997.8727 109.85473 5129.16996 ] [ [ 14711791.24003 -13055288.68551 -13733892.66633 ] [ -13055288.68551 24115937.60403 19741996.48889 ] [ -13733892.66633 19741996.48889 41008594.31388 ] ] ]

RINGMASTER_HADOUKEN -3840.677406805737 -606.5235612785887 1 
Hmm v1.0

NbStates 7

State
Pi 0.228229
A 0.90085 0.000224 0.019045 0.003326 0.008159 0.000003 0.068392 
MultiGaussianOPDF [ [ 4806.31398 -8979.32417 5942.58475 -3001.46484 -3461.04517 -9004.3 ] [ [ 20168591.52163 -5325281.60721 4645199.39697 -12995635.53702 -4003134.31075 251458.5116 ] [ -5325281.60721 17433374.20162 -5533073.5699 9977766.16737 3853177.79363 4186105.54654 ] [ 4645199.39697 -5533073.5699 15119712.86502 -11890281.33646 5166174.17157 -2510978.45682 ] [ -12995635.53702 9977766.16737 -11890281.33646 41283963.50979 3822678.27474 1183907.89422 ] [ -4003134.31075 3853177.79363 5166174.17157 3822678.27474 34907607.92024 -945679.35696 ] [ 251458.5116 4186105.54654 -2510978.45682 1183907.89422 -945679.35696 12743338.58718 ] ] ]

State
Pi 0.063172
A 0.004881 0.873217 0.007888 0.02338 0 0.009887 0.080747 
MultiGaussianOPDF [ [ 8381.44355 4053.32962 -4845.94149 -10720.00654 534.56393 6599.55261 ] [ [ 22319777.5392 -6573188.56213 2398902.41242 -10398095.09624 -12247730.77398 6802661.46386 ] [ -6573188.56213 29554960.73872 -8042691.9231 2256704.83889 7770994.60971 -385146.38611 ] [ 2398902.41242 -8042691.9231 26669944.45271 -2790675.46431 -393811.30417 -8089336.87206 ] [ -10398095.09624 2256704.83889 -2790675.46431 15575934.95268 3510365.66425 -8671828.21518 ] [ -12247730.77398 7770994.60971 -393811.30417 3510365.66425 47860399.0676 -2638999.32751 ] [ 6802661.46386 -385146.38611 -8089336.87206 -8671828.21518 -2638999.32751 35573070.21956 ] ] ]

State
Pi 0.059777
A 0.000984 0.014307 0.9004 0.000717 0.006158 0.026237 0.051197 
MultiGaussianOPDF [ [ 5206.13359 1215.74803 10112.55641 -8137.24786 4631.38795 -5499.77803 ] [ [ 31070150.77703 2947266.39077 262184.86988 -9276988.45929 1940425.19421 -10744138.59708 ] [ 2947266.39077 20094795.75385 -4649483.6742 -1105047.91262 4652868.19777 2641063.85515 ] [ 262184.86988 -4649483.6742 12149123.30351 -4800090.95219 -2325399.70507 -2835531.32475 ] [ -9276988.45929 -1105047.91262 -4800090.95219 21433342.43656 1688219.69034 2389281.2431 ] [ 1940425.19421 4652868.19777 -2325399.70507 1688219.69034 21079120.53461 -553251.75364 ] [ -10744138.59708 2641063.85515 -2835531.32475 2389281.2431 -553251.75364 26568458.96215 ] ] ]

State
Pi 0.201411
A 0.003745 0.056155 0 0.911198 0.004845 0.004901 0.019157 
MultiGaussianOPDF [ [ -1077.60248 1122.78839 -8067.25024 -1295.61628 -3533.67337 7569.42318 ] [ [ 35439531.1119 -8481037.2299 -7819453.59153 -8266710.05773 -13558008.24106 8545116.88045 ] [ -8481037.2299 38018258.60075 -6736491.13056 15887230.28806 13993203.12355 6125489.98513 ] [ -7819453.59153 -6736491.13056 19970518.93391 -4180751.59466 10154014.39722 -11389208.93621 ] [ -8266710.05773 15887230.28806 -4180751.59466 33656747.84101 -1071379.59252 -5084410.97534 ] [ -13558008.24106 13993203.12355 10154014.39722 -1071379.59252 48124016.03555 -4537223.85248 ] [ 8545116.88045 6125489.98513 -11389208.93621 -5084410.97534 -4537223.85248 24925410.77196 ] ] ]

State
Pi 0.117382
A 0.006829 0.001605 0.025987 0.007316 0.914523 0.005019 0.03872 
MultiGaussianOPDF [ [ -921.77958 5421.86239 4210.6756 4760.07891 7500.62054 -3817.03753 ] [ [ 55229258.29509 2673442.33497 2691966.14859 -19803864.6865 354584.46404 -9523221.37838 ] [ 2673442.33497 26591052.72479 -235979.17245 -814747.77034 6288250.09616 4352195.9308 ] [ 2691966.14859 -235979.17245 37525275.28821 1675391.9113 -2041340.38495 340422.52589 ] [ -19803864.6865 -814747.77034 1675391.9113 25806224.12246 3696521.93813 7747163.51214 ] [ 354584.46404 6288250.09616 -2041340.38495 3696521.93813 14678440.40995 -953488.07244 ] [ -9523221.37838 4352195.9308 340422.52589 7747163.51214 -953488.07244 24458456.48947 ] ] ]

State
Pi 0.318443
A 0.00522 0.015894 0.011923 0.00995 0.021322 0.932867 0.002824 
MultiGaussianOPDF [ [ 1241.53321 1184.64323 1552.41304 -1520.85766 1650.99704 1124.42901 ] [ [ 7204327.94359 -234896.13459 -2335629.9698 -42484.97506 102721.23393 1388494.85157 ] [ -234896.13459 5869327.6087 702655.35181 -1155224.45728 2007071.48499 -136286.39073 ] [ -2335629.9698 702655.35181 9645699.24792 -1179763.37761 765336.20804 -2834861.14286 ] [ -42484.97506 -1155224.45728 -1179763.37761 7417803.31284 -915956.34917 3547141.23675 ] [ 102721.23393 2007071.48499 765336.20804 -915956.34917 5200560.72715 -1066194.94475 ] [ 1388494.85157 -136286.39073 -2834861.14286 3547141.23675 -1066194.94475 10450067.08265 ] ] ]

State
Pi 0.011586
A 0.002507 0.02047 0.018227 0 0 0.044253 0.914543 
MultiGaussianOPDF [ [ 10316.38942 -616.5808 9874.16458 -10639.02855 -926.76272 7636.36866 ] [ [ 24556864.68582 -3881747.67852 7580882.29161 -12245027.87305 -215423.20787 3921647.18246 ] [ -3881747.67852 45048895.64439 -7661903.84885 7756691.18989 -2243215.61156 7725861.14591 ] [ 7580882.29161 -7661903.84885 19543561.42718 -10876284.21767 1916645.05237 1083233.63001 ] [ -12245027.87305 7756691.18989 -10876284.21767 31194486.09417 895945.23991 -3370365.68274 ] [ -215423.20787 -2243215.61156 1916645.05237 895945.23991 42900931.69649 4316057.96848 ] [ 3921647.18246 7725861.14591 1083233.63001 -3370365.68274 4316057.96848 25877856.77411 ] ] ]

HADOUKEN -3839.7491479833398 -606.7093467453055 1 
Hmm v1.0

NbStates 7

State
Pi 0.20887
A 0.899593 0 0.024343 0.003072 0.011102 0.000011 0.061879 
MultiGaussianOPDF [ [ 4619.65015 -8997.49209 6169.89883 -2458.56079 -2743.52009 -8956.82748 ] [ [ 20044753.06878 -4170253.63403 4395116.31597 -13833398.14632 -4075522.00524 -442534.9628 ] [ -4170253.63403 17147442.33054 -5124006.4583 9655131.22862 5935010.83527 4676441.00984 ] [ 4395116.31597 -5124006.4583 14308615.73618 -11457403.00387 4024522.94813 -3254186.04825 ] [ -13833398.14632 9655131.22862 -11457403.00387 39910434.0047 5643944.2502 1282857.28223 ] [ -4075522.00524 5935010.83527 4024522.94813 5643944.2502 34384618.50996 -718927.61923 ] [ -442534.9628 4676441.00984 -3254186.04825 1282857.28223 -718927.61923 12427136.68192 ] ] ]

State
Pi 0.066905
A 0.001896 0.871408 0.009899 0.020654 0 0.015311 0.080833 
MultiGaussianOPDF [ [ 8038.79664 3729.43525 -4144.90129 -10393.55393 251.17466 5869.47057 ] [ [ 23001168.96007 -7456005.35205 1286104.15264 -10622393.90975 -15332513.66481 8336340.92563 ] [ -7456005.35205 33051694.59547 -7595633.64944 2282104.73963 6667159.54256 871338.46464 ] [ 1286104.15264 -7595633.64944 25565259.62468 -1940725.20456 -3430293.86595 -5633336.00788 ] [ -10622393.90975 2282104.73963 -1940725.20456 16088667.86814 5863282.36546 -9113611.9677 ] [ -15332513.66481 6667159.54256 -3430293.86595 5863282.36546 54265783.55748 -4931055.7929 ] [ 8336340.92563 871338.46464 -5633336.00788 -9113611.9677 -4931055.7929 36681365.05976 ] ] ]

State
Pi 0.050764
A 0 0.008224 0.894674 0 0.006408 0.034834 0.05586 
MultiGaussianOPDF [ [ 5573.70219 788.83487 10030.49897 -8326.04225 4297.73211 -5073.68189 ] [ [ 32264444.57451 4344803.5998 91632.15866 -8261116.89054 4248059.07936 -12301434.34392 ] [ 4344803.5998 16905404.79041 -4822673.77064 -344774.49238 1860248.05786 2360238.90146 ] [ 91632.15866 -4822673.77064 13930938.08918 -5089055.53677 -2589923.89311 -3680456.00918 ] [ -8261116.89054 -344774.49238 -5089055.53677 21882872.49596 1996905.05426 2716930.82904 ] [ 4248059.07936 1860248.05786 -2589923.89311 1996905.05426 21926181.76448 -1247900.46236 ] [ -12301434.34392 2360238.90146 -3680456.00918 2716930.82904 -1247900.46236 28203887.51989 ] ] ]

State
Pi 0.18287
A 0.004298 0.049641 0 0.911589 0.005076 0.006283 0.023112 
MultiGaussianOPDF [ [ -1226.57103 855.27532 -7665.57863 -1063.10406 -3625.47828 7040.6927 ] [ [ 37805707.73866 -9996782.3819 -7379429.63514 -8640695.83887 -15391647.64941 10530143.1525 ] [ -9996782.3819 39187016.79936 -6676831.29473 16318830.78348 13100861.57186 4877195.35097 ] [ -7379429.63514 -6676831.29473 22130418.13266 -4910808.15884 9382065.45737 -11767819.95976 ] [ -8640695.83887 16318830.78348 -4910808.15884 35945663.96301 -931854.37574 -8650446.49652 ] [ -15391647.64941 13100861.57186 9382065.45737 -931854.37574 43145953.06983 -5880401.3944 ] [ 10530143.1525 4877195.35097 -11767819.95976 -8650446.49652 -5880401.3944 29513138.61357 ] ] ]

State
Pi 0.135693
A 0.004813 0 0.028018 0.008581 0.916483 0.00447 0.037634 
MultiGaussianOPDF [ [ -954.10881 5608.04392 4349.64255 4739.78753 7602.91989 -3789.4869 ] [ [ 54167906.38915 3193892.91918 1898329.64502 -18837484.56605 -149086.87038 -9556994.90972 ] [ 3193892.91918 24708308.00252 -1619645.0568 -1494837.62122 5451030.56374 3576682.91599 ] [ 1898329.64502 -1619645.0568 34911639.74487 1740186.51303 -2596123.87757 -676541.92059 ] [ -18837484.56605 -1494837.62122 1740186.51303 25433141.96796 3948192.35251 7786746.94896 ] [ -149086.87038 5451030.56374 -2596123.87757 3948192.35251 13776871.55998 -1217720.97035 ] [ -9556994.90972 3576682.91599 -676541.92059 7786746.94896 -1217720.97035 24018005.46884 ] ] ]

State
Pi 0.347738
A 0.005163 0.01588 0.009115 0.00992 0.021552 0.935665 0.002704 
MultiGaussianOPDF [ [ 1240.1007 1165.35894 1512.32245 -1489.70022 1629.71457 1135.6462 ] [ [ 7262344.31791 -226295.76715 -2394438.23448 19256.82984 132189.53361 1439857.99494 ] [ -226295.76715 5705105.24004 710486.36188 -1138274.63721 1903090.15895 -169895.76245 ] [ -2394438.23448 710486.36188 9589067.02648 -1228930.52604 793157.47721 -2861912.16751 ] [ 19256.82984 -1138274.63721 -1228930.52604 7331793.12388 -915921.86562 3715730.87569 ] [ 132189.53361 1903090.15895 793157.47721 -915921.86562 5055824.84436 -1095223.55676 ] [ 1439857.99494 -169895.76245 -2861912.16751 3715730.87569 -1095223.55676 10293315.40659 ] ] ]

State
Pi 0.007161
A 0.002027 0.021893 0.02157 0 0 0.043559 0.910952 
MultiGaussianOPDF [ [ 10358.35351 -472.62151 9845.5825 -10440.63787 -1211.32697 7689.7553 ] [ [ 24096563.50791 -3828933.1137 6822796.57905 -12898452.95754 -717727.86721 2694080.51307 ] [ -3828933.1137 44118838.60644 -8216889.55579 7199320.33295 439676.99393 8489664.12634 ] [ 6822796.57905 -8216889.55579 19195779.18799 -10955830.64773 17535.28098 374463.21127 ] [ -12898452.95754 7199320.33295 -10955830.64773 33445000.20484 2142570.6156 -3506633.07027 ] [ -717727.86721 439676.99393 17535.28098 2142570.6156 43718809.15973 4546555.76216 ] [ 2694080.51307 8489664.12634 374463.21127 -3506633.07027 4546555.76216 26690868.13973 ] ] ]

YMCA -11636.867726557732 -2759.437180235067 1 
Hmm v1.0

NbStates 7

State
Pi 0.096341
A 0.919686 0 0.010556 0.014564 0.010419 0.044775 0 
MultiGaussianOPDF [ [ 1561.74054 -2834.33158 6447.72597 -2809.04642 -1898.54007 7077.06199 ] [ [ 17895350.00009 -8915801.41544 5601851.3934 -12682147.99976 -6823836.38914 6457269.25197 ] [ -8915801.41544 15499372.47949 -4477833.67154 7008991.76229 9831485.22708 -5140986.3759 ] [ 5601851.3934 -4477833.67154 11365766.39636 -4291818.55029 -1847442.66714 7139941.61015 ] [ -12682147.99976 7008991.76229 -4291818.55029 17051466.14836 6736531.30467 -5421062.03785 ] [ -6823836.38914 9831485.22708 -1847442.66714 6736531.30467 10184953.07714 -3195186.01516 ] [ 6457269.25197 -5140986.3759 7139941.61015 -5421062.03785 -3195186.01516 10472452.04537 ] ] ]

State
Pi 0.02768
A 0 0.93599 0.050254 0.004426 0.002418 0.001952 0.004961 
